1000 	 18.753400 	 0.193400 	 0.554500 	 0.001800 	 0.007600 	 1.106000 	 70.053100 	 24.216600 	 1053.136200 
1001 	 0.262100 	 0.018600 	 0.038300 	 0.002800 	 0.554400 	 0.968400 	 0.015700 	 0.006500 	 0.704600 
1005 	 61.966800 	 0.124800 	 0.798600 	 0.005200 	 1.742900 	 0.188200 	 0.022700 	 0.008400 	 2.007400 
1009 	 7.365100 	 0.056800 	 0.207400 	 0.006200 	 1.119100 	 1.930300 	 0.568900 	 0.003400 	 0.084200 
1011 	 1.713500 	 0.030700 	 0.098500 	 0.000100 	 0.005200 	 1.483300 	 18.996800 	 44.316900 	 13721.221700 
1012 	 0.263400 	 0.009900 	 0.035300 	 0.004200 	 1.388100 	 0.555700 	 0.030500 	 0.012800 	 1.972200 
1013 	 0.222000 	 0.017800 	 0.008100 	 0.002800 	 0.197200 	 1.783700 	 1.493100 	 0.021200 	 0.244300 
1015 	 0.884500 	 0.054100 	 0.172100 	 0.003600 	 0.522800 	 0.492900 	 0.134200 	 0.020800 	 1.865700 
1016 	 0.748700 	 0.023600 	 0.058800 	 0.009700 	 1.447100 	 0.078400 	 0.010900 	 0.005100 	 0.494900 
1017 	 0.310900 	 0.002400 	 0.013000 	 0.000700 	 0.004100 	 0.000000 	 0.000000 	 0.000000 	 0.000000 
1018 	 6.335800 	 0.071500 	 0.199900 	 0.013000 	 2.230200 	 0.053800 	 0.016200 	 0.024600 	 2.116000 
1019 	 12.051000 	 0.192300 	 0.521400 	 0.035200 	 3.294600 	 0.017600 	 0.007300 	 0.010600 	 1.897700 
1020 	 2.089000 	 0.154400 	 0.216700 	 0.014100 	 2.401400 	 1.888500 	 0.114900 	 0.014600 	 1.929200 
1021 	 0.424700 	 0.021500 	 0.099200 	 0.009300 	 3.240900 	 0.134300 	 0.943500 	 0.004000 	 0.303600 
1024 	 1.140000 	 0.021500 	 0.062900 	 0.006200 	 0.829300 	 0.018900 	 0.004200 	 0.006400 	 2.246400 
1025 	 4.497600 	 0.019900 	 0.047300 	 0.002700 	 0.487600 	 0.012400 	 0.003800 	 0.005800 	 0.605000 
1026 	 0.187400 	 0.007100 	 0.030500 	 0.002800 	 0.401700 	 0.653400 	 0.060700 	 0.008100 	 0.394900 
1027 	 0.076500 	 0.007300 	 0.018700 	 0.002500 	 2.454300 	 0.284200 	 0.016300 	 0.009300 	 1.071900 
1028 	 2.641100 	 0.028400 	 0.134100 	 0.004500 	 0.951700 	 0.115500 	 0.079000 	 0.019000 	 7.104000 
1030 	 1.410300 	 0.051300 	 0.157200 	 0.002800 	 0.349100 	 0.202700 	 0.052100 	 0.009000 	 1.475900 
1034 	 0.000100 	 0.001700 	 0.000500 	 0.002100 	 0.338900 	 0.070600 	 0.005800 	 0.002500 	 0.456500 
1036 	 0.145300 	 0.007700 	 0.030300 	 0.000100 	 0.006500 	 13.460000 	 116.581000 	 2914.185500 	 205820.015600 
1039 	 193.023300 	 0.222500 	 0.925600 	 0.006900 	 0.923400 	 16.750600 	 0.491100 	 0.001515 	 0.077300 
1040 	 0.854200 	 0.023200 	 0.079400 	 0.003000 	 0.832000 	 0.243000 	 0.032000 	 0.002200 	 0.229500 
1041 	 1.598400 	 0.023700 	 0.103100 	 0.005500 	 0.692900 	 0.032900 	 0.025700 	 0.000106 	 0.003600 
1042 	 0.551200 	 0.016200 	 0.061300 	 0.003500 	 0.757500 	 90.169900 	 0.270000 	 0.028700 	 0.792200 
1043 	 2920.592300 	 0.374500 	 0.802700 	 0.011000 	 4.194000 	 0.017100 	 0.004000 	 0.006600 	 4.134100 
1044 	 2.788500 	 0.087200 	 0.114300 	 0.008300 	 1.092100 	 5.755100 	 0.032300 	 0.012300 	 0.497200 
1047 	 2.082500 	 0.027100 	 0.084300 	 0.006100 	 1.247800 	 0.063900 	 0.111600 	 0.044000 	 4.933200 
1048 	 66.564400 	 0.412600 	 3.053400 	 0.028100 	 5.581200 	 0.665600 	 0.020200 	 0.004300 	 0.242600 
1050 	 0.067200 	 0.010100 	 0.016300 	 0.002000 	 0.403600 	 0.305300 	 0.007000 	 0.006600 	 2.716800 
1051 	 31.196000 	 0.059100 	 0.227600 	 0.004200 	 0.374300 	 0.272200 	 0.014000 	 0.002900 	 0.262500 
1053 	 0.044000 	 0.016300 	 0.024300 	 0.002500 	 0.456600 	 0.171300 	 0.008700 	 0.005200 	 1.389300 
1057 	 0.801400 	 0.018900 	 0.058500 	 0.007600 	 3.751600 	 0.031900 	 4.141900 	 1.806700 	 105.757400 
1058 	 0.180900 	 0.031300 	 0.046300 	 0.008300 	 2.269200 	 0.820900 	 0.015900 	 0.007300 	 1.106900 
1059 	 28.633200 	 0.071800 	 0.332300 	 0.005500 	 0.982400 	 0.167300 	 0.596100 	 0.064700 	 12.926800 
1061 	 0.103700 	 0.013300 	 0.031700 	 0.001400 	 0.148400 	 0.286900 	 0.022400 	 0.009000 	 1.795800 
1067 	 0.054300 	 0.036200 	 0.225800 	 0.012900 	 1.165200 	 0.067400 	 0.012700 	 0.006300 	 2.771600 
1069 	 1.620800 	 0.002800 	 0.036100 	 0.000400 	 0.007700 	 0.613000 	 19.749500 	 287.994000 	 9117.030300 
1071 	 0.073400 	 0.017500 	 0.026900 	 0.002300 	 0.557600 	 0.260900 	 0.010000 	 0.005000 	 0.742100 
1075 	 0.237200 	 0.009000 	 0.027700 	 0.004500 	 8.429400 	 0.023000 	 0.008600 	 0.013400 	 1.912100 
1076 	 1.301300 	 0.010900 	 0.042800 	 0.000000 	 0.000900 	 0.513500 	 13.106900 	 2.005100 	 1490.435400 
1079 	 0.151200 	 0.006400 	 0.021600 	 0.000000 	 0.148300 	 0.000000 	 0.000000 	 0.000001 	 0.000000 
1080 	 142.391100 	 0.412000 	 1.138400 	 0.033000 	 4.022000 	 0.011500 	 0.002300 	 0.003200 	 0.852500 
1082 	 2.296100 	 0.033800 	 0.100300 	 0.008400 	 0.927900 	 0.045700 	 0.012500 	 0.026100 	 10.940700 
1083 	 1.629500 	 0.060800 	 0.240900 	 0.000400 	 0.037900 	 1.694000 	 55.217300 	 16.854300 	 2262.990500 
1084 	 2.185800 	 0.066900 	 0.218700 	 0.003900 	 0.509800 	 1.651400 	 0.080700 	 0.029000 	 3.027300 
1088 	 69.564500 	 0.156500 	 0.621500 	 0.013400 	 2.254600 	 0.328100 	 0.010300 	 0.001600 	 0.155600 
1089 	 1.587800 	 0.071000 	 0.235900 	 0.003000 	 0.393800 	 0.819400 	 0.210700 	 0.035900 	 2.657300 
1090 	 1.057100 	 0.042300 	 0.119400 	 0.003600 	 0.520300 	 0.567600 	 0.016000 	 0.004600 	 0.690100 
1094 	 0.360600 	 0.029100 	 0.050800 	 0.003500 	 0.636900 	 0.526900 	 0.121700 	 0.029800 	 2.760600 
1099 	 0.330800 	 0.009100 	 0.036700 	 0.003300 	 0.837900 	 0.031500 	 0.064600 	 0.021500 	 1.351000 
1101 	 1.728400 	 0.039100 	 0.107100 	 0.000500 	 0.001300 	 0.000000 	 0.000000 	 0.000000 	 0.000000 
1102 	 1.133800 	 0.041300 	 0.208600 	 0.014500 	 2.311700 	 21.604800 	 6.435900 	 1641.288500 	 125880.929700 
1103 	 35.878000 	 0.084400 	 0.340400 	 0.006100 	 0.865400 	 0.015200 	 0.008900 	 0.029300 	 7.793000 
1107 	 0.086100 	 0.007400 	 0.032900 	 0.004100 	 0.742100 	 0.113700 	 0.113500 	 0.093700 	 5.552600 
1109 	 5931.932600 	 0.410900 	 2.148800 	 0.010200 	 2.937400 	 0.024600 	 0.005600 	 0.008900 	 1.952200 
1111 	 1.669600 	 0.065500 	 0.168900 	 0.004000 	 0.873100 	 0.514000 	 0.048000 	 0.012000 	 3.307300 
1112 	 2.240700 	 0.033600 	 0.074700 	 0.009300 	 1.234000 	 0.007400 	 0.004000 	 0.005600 	 0.146000 
1114 	 0.215500 	 0.010700 	 0.061200 	 0.003600 	 0.398700 	 29.439300 	 0.309000 	 0.001696 	 0.098300 
1118 	 17.780700 	 0.179000 	 0.274700 	 0.013900 	 2.849100 	 3.162200 	 0.122800 	 0.022400 	 1.228100 
1122 	 1.004100 	 0.018900 	 0.057000 	 0.004300 	 1.183900 	 0.018800 	 0.006300 	 0.009400 	 1.219900 
1123 	 4.341200 	 0.151700 	 0.632700 	 0.064500 	 59.971100 	 0.066100 	 0.821600 	 0.008600 	 0.196800 
1124 	 1.657300 	 0.025900 	 0.121000 	 0.006200 	 1.628300 	 0.039300 	 0.014000 	 0.024700 	 7.469400 
1125 	 31.292200 	 0.200700 	 1.030500 	 0.023600 	 2.406900 	 0.901700 	 0.110200 	 9.040400 	 357.544500 
1126 	 0.854600 	 0.024800 	 0.094000 	 0.000300 	 0.158900 	 0.000000 	 0.000000 	 0.000000 	 0.000000 
1128 	 6.184600 	 0.059900 	 0.268800 	 0.011600 	 3.151200 	 0.111200 	 0.021900 	 0.028800 	 3.287400 
1130 	 0.126500 	 0.026900 	 0.048100 	 0.008700 	 16.629200 	 0.686500 	 0.015600 	 0.010500 	 1.580100 
1132 	 5.787100 	 0.131600 	 0.450200 	 0.027300 	 2.517400 	 1367.047500 	 0.840100 	 0.000636 	 0.013100 
1135 	 0.771400 	 0.023200 	 0.103200 	 0.007700 	 1.411600 	 0.032600 	 0.018100 	 0.096800 	 9.199300 
1137 	 0.595500 	 0.071300 	 0.136900 	 0.005200 	 2.358400 	 1.031100 	 0.138700 	 0.040000 	 2.649500 
1138 	 0.435300 	 0.016600 	 0.080300 	 0.003000 	 0.347000 	 87.952900 	 0.777400 	 0.166900 	 2.344700 
1139 	 11.011100 	 0.087500 	 0.308000 	 0.012100 	 5.350500 	 0.148600 	 0.016800 	 0.012000 	 1.550300 
1140 	 0.145700 	 0.011100 	 0.041000 	 0.001200 	 0.267300 	 0.419400 	 0.026000 	 0.008800 	 0.454500 
1144 	 2.745400 	 0.170900 	 0.448800 	 0.011000 	 2.437600 	 0.504400 	 0.169400 	 0.022200 	 5.036600 
1147 	 12.331800 	 0.263300 	 1.193800 	 0.006100 	 0.821600 	 0.000021 	 0.000000 	 0.000000 	 0.000000 
1149 	 0.086700 	 0.003400 	 0.018900 	 0.001100 	 0.133200 	 0.027600 	 0.090900 	 0.021200 	 9.876800 
1150 	 2.466200 	 0.106900 	 0.331800 	 0.000300 	 0.078200 	 7.090000 	 0.138500 	 12.785100 	 10457.300800 
1151 	 245.254700 	 1.832900 	 50.295400 	 0.041800 	 3.766800 	 0.388200 	 0.046300 	 0.001900 	 0.045800 
1001 	 0.128800 	 0.009600 	 0.019700 	 0.001400 	 0.279500 	 0.349400 	 0.007300 	 0.002800 	 0.519200 
1009 	 0.638300 	 0.027100 	 0.063600 	 0.002300 	 0.368600 	 1.138200 	 0.151000 	 0.066100 	 23.188900 
1011 	 20.116500 	 0.032600 	 0.114000 	 0.002700 	 0.524800 	 1.973700 	 0.064200 	 0.043700 	 7.283200 
1012 	 0.265800 	 0.014100 	 0.034800 	 0.003200 	 1.081900 	 1.680200 	 0.045600 	 0.019100 	 3.902200 
1013 	 0.078100 	 0.013000 	 0.020000 	 0.002100 	 0.402000 	 0.190400 	 0.005200 	 0.002900 	 0.266500 
1015 	 0.861300 	 0.056200 	 0.177700 	 0.003600 	 0.515100 	 0.442700 	 0.131400 	 0.019700 	 1.803300 
1016 	 0.073500 	 0.011200 	 0.010500 	 0.001800 	 0.372400 	 0.494200 	 0.007900 	 0.003600 	 0.408900 
1017 	 0.018600 	 0.003100 	 0.006400 	 0.001800 	 0.337400 	 0.141200 	 0.002300 	 0.001800 	 0.292900 
1018 	 0.110600 	 0.020100 	 0.024500 	 0.002900 	 0.927800 	 0.275800 	 0.006000 	 0.003200 	 0.650700 
1019 	 0.872100 	 0.011500 	 0.030800 	 0.001700 	 0.210500 	 5.247700 	 0.077300 	 0.012400 	 1.671700 
1020 	 12.092400 	 0.057300 	 0.125400 	 0.002000 	 0.350100 	 0.132700 	 0.028100 	 0.009800 	 4.267200 
1021 	 0.261300 	 0.028000 	 0.065700 	 0.003300 	 1.323100 	 1.059400 	 0.038900 	 0.016500 	 3.383100 
1024 	 0.436900 	 0.006100 	 0.018000 	 0.001700 	 0.242500 	 1.597500 	 0.023600 	 0.017700 	 5.758800 
1025 	 0.257300 	 0.008200 	 0.012500 	 0.000700 	 0.106700 	 0.348400 	 0.005000 	 0.001700 	 0.262400 
1026 	 0.273900 	 0.012200 	 0.037500 	 0.002500 	 0.504000 	 1.214700 	 0.061300 	 0.012700 	 0.971500 
1027 	 0.065900 	 0.007000 	 0.017000 	 0.002300 	 2.076500 	 0.226600 	 0.015400 	 0.012000 	 1.049400 
1028 	 0.622700 	 0.011700 	 0.057400 	 0.003300 	 0.670500 	 6.734900 	 1.466200 	 0.030500 	 0.684200 
1030 	 0.782600 	 0.010600 	 0.041100 	 0.000100 	 0.001500 	 0.000167 	 0.000000 	 0.000000 	 0.000000 
1032 	 0.371400 	 0.006200 	 0.008600 	 0.000700 	 0.122600 	 0.266000 	 0.017500 	 0.004200 	 0.418900 
1034 	 2.028200 	 0.018500 	 0.073100 	 0.000100 	 0.062600 	 0.000004 	 0.000000 	 0.000000 	 0.000000 
1036 	 0.174100 	 0.032800 	 0.070800 	 0.002600 	 0.316600 	 0.144600 	 0.030200 	 0.007200 	 3.851600 
1038 	 0.049000 	 0.011100 	 0.017000 	 0.002600 	 0.562300 	 0.442200 	 0.012500 	 0.008700 	 0.986900 
1039 	 2.846600 	 0.041500 	 0.088000 	 0.002100 	 0.295100 	 0.313000 	 0.030100 	 0.006800 	 0.635600 
1041 	 0.537500 	 0.002700 	 0.015000 	 0.000100 	 0.002500 	 0.000007 	 0.000000 	 0.000002 	 0.000000 
1042 	 0.248600 	 0.030300 	 0.063600 	 0.002800 	 0.635400 	 0.259600 	 0.027200 	 0.009300 	 3.770400 
1043 	 0.486500 	 0.003700 	 0.014100 	 0.000400 	 0.005700 	 280.931100 	 1088.188100 	 8151.851100 	 472678.625000 
1044 	 0.849600 	 0.027600 	 0.037100 	 0.002100 	 0.326900 	 1.027600 	 0.009400 	 0.003500 	 0.130200 
1047 	 0.065200 	 0.013900 	 0.025200 	 0.003500 	 1.842500 	 0.185800 	 0.003600 	 0.002600 	 0.458700 
1048 	 0.028800 	 0.006200 	 0.009600 	 0.001500 	 0.213900 	 0.139400 	 0.003900 	 0.002500 	 0.485700 
1050 	 0.029200 	 0.005400 	 0.007700 	 0.000900 	 0.188200 	 0.111600 	 0.002800 	 0.002000 	 0.858300 
1053 	 0.037400 	 0.013800 	 0.020800 	 0.002100 	 0.388800 	 0.145500 	 0.007300 	 0.004400 	 1.153600 
1057 	 0.132900 	 0.014100 	 0.020000 	 0.001300 	 1.163900 	 0.247900 	 0.007900 	 0.003500 	 0.580700 
1058 	 0.096500 	 0.012900 	 0.014200 	 0.001800 	 0.378500 	 0.413100 	 0.006800 	 0.003100 	 0.498200 
1059 	 6.886500 	 0.113000 	 0.409600 	 0.005100 	 1.437600 	 0.461500 	 0.111800 	 0.019600 	 1.674900 
1061 	 0.047900 	 0.006100 	 0.013800 	 0.000600 	 0.066400 	 0.102400 	 0.007900 	 0.003500 	 0.600700 
1071 	 0.079500 	 0.016500 	 0.026200 	 0.002100 	 0.455700 	 0.255000 	 0.010300 	 0.004000 	 0.809400 
1075 	 0.162000 	 0.018100 	 0.023500 	 0.002200 	 11.057300 	 0.534900 	 0.015700 	 0.008000 	 2.193600 
1076 	 0.184100 	 0.011300 	 0.029900 	 0.001100 	 0.218800 	 0.197400 	 0.005700 	 0.002800 	 0.710300 
1079 	 0.114500 	 0.004600 	 0.017300 	 0.001400 	 0.975500 	 7.929800 	 0.762400 	 0.034000 	 0.591500 
1080 	 3.349500 	 0.044700 	 0.086500 	 0.002300 	 0.462000 	 0.547400 	 0.045900 	 0.007800 	 0.441100 
1082 	 0.492000 	 0.016500 	 0.030600 	 0.001500 	 0.174400 	 1.705700 	 0.013500 	 0.004900 	 0.298000 
1083 	 0.236200 	 0.006600 	 0.030600 	 0.001800 	 0.194200 	 2.017500 	 0.217300 	 0.045500 	 2.129200 
1084 	 4.913100 	 0.074800 	 0.259200 	 0.003800 	 0.624000 	 2.990200 	 0.109900 	 0.055200 	 2.322300 
1089 	 1.243900 	 0.062200 	 0.208100 	 0.002600 	 0.380400 	 0.491800 	 0.151100 	 0.018600 	 2.177800 
1094 	 0.306900 	 0.041300 	 0.083800 	 0.003000 	 0.680100 	 0.324600 	 0.056600 	 0.016600 	 5.129700 
1099 	 0.073800 	 0.008400 	 0.016600 	 0.001200 	 0.288900 	 0.312600 	 0.008100 	 0.005400 	 0.594400 
1102 	 0.962200 	 0.029200 	 0.102700 	 0.003400 	 0.416500 	 0.594200 	 0.122000 	 0.035500 	 8.617300 
1103 	 4.387700 	 0.056600 	 0.166900 	 0.003400 	 0.464200 	 0.462000 	 0.085700 	 0.012000 	 1.086700 
1107 	 0.218700 	 0.032700 	 0.052800 	 0.004400 	 1.423400 	 0.636700 	 0.159800 	 0.038700 	 3.053600 
1111 	 4.341200 	 0.090200 	 0.243000 	 0.004000 	 1.060900 	 0.844700 	 0.114700 	 0.020700 	 3.548000 
1112 	 0.320000 	 0.016900 	 0.020000 	 0.001600 	 0.249500 	 1.030600 	 0.009400 	 0.004000 	 0.409800 
1114 	 0.137100 	 0.033700 	 0.086000 	 0.002800 	 0.319800 	 0.172400 	 0.035000 	 0.005300 	 0.626800 
1118 	 28.936300 	 0.011900 	 0.037000 	 0.000500 	 0.075600 	 0.068100 	 0.003000 	 0.001400 	 0.159100 
1120 	 0.988300 	 0.040200 	 0.225500 	 0.006500 	 4.203500 	 0.134600 	 0.034600 	 0.012500 	 2.162600 
1122 	 0.327500 	 0.041200 	 0.070600 	 0.003300 	 1.594100 	 0.430300 	 0.030600 	 0.010000 	 1.307800 
1123 	 0.083100 	 0.011800 	 0.024300 	 0.002400 	 2.080700 	 0.460200 	 0.010000 	 0.006300 	 1.368000 
1124 	 0.248300 	 0.018000 	 0.052400 	 0.002000 	 0.649600 	 0.397200 	 0.022000 	 0.007900 	 1.507100 
1125 	 0.008500 	 0.000900 	 0.006900 	 0.000100 	 0.000400 	 15.430000 	 68.315500 	 24.796500 	 1204.043800 
1126 	 14.253200 	 0.060500 	 0.219100 	 0.003200 	 1.030400 	 0.697400 	 0.058100 	 0.010200 	 0.689900 
1128 	 0.134700 	 0.013300 	 0.036400 	 0.002200 	 1.281000 	 0.439900 	 0.009400 	 0.005000 	 0.770900 
1130 	 0.044800 	 0.010000 	 0.018200 	 0.002200 	 3.730900 	 0.301100 	 0.007300 	 0.004800 	 1.171000 
1132 	 0.266200 	 0.014100 	 0.023000 	 0.001200 	 0.113700 	 0.986500 	 0.012600 	 0.002800 	 0.358600 
1135 	 0.163500 	 0.021000 	 0.057700 	 0.004500 	 1.021200 	 0.980100 	 0.024400 	 0.010400 	 0.918700 
1136 	 179.439900 	 0.125100 	 0.650100 	 0.005500 	 1.063800 	 166.530900 	 3.838900 	 0.267700 	 7.939900 
1137 	 0.399300 	 0.038200 	 0.078700 	 0.003700 	 1.414200 	 1.547500 	 0.097500 	 0.035200 	 1.978200 
1138 	 0.129000 	 0.010500 	 0.032800 	 0.001400 	 0.135600 	 1.058400 	 0.020400 	 0.007200 	 0.600400 
1139 	 6.594200 	 0.039600 	 0.135200 	 0.005200 	 7.800900 	 18.264000 	 0.627000 	 0.037100 	 1.203500 
1140 	 0.144500 	 0.011400 	 0.040700 	 0.001200 	 0.260500 	 0.338600 	 0.025100 	 0.008100 	 0.471100 
1142 	 0.103500 	 0.007500 	 0.012200 	 0.001100 	 0.480300 	 0.475900 	 0.006400 	 0.003700 	 0.349300 
1143 	 0.012600 	 0.002600 	 0.004600 	 0.000800 	 0.720600 	 0.098100 	 0.002300 	 0.002300 	 0.548000 
1144 	 3.627600 	 0.038500 	 0.185500 	 0.003600 	 0.924900 	 0.375200 	 0.058300 	 0.021700 	 2.963400 
1147 	 5.759500 	 0.057400 	 0.229500 	 0.002900 	 0.617600 	 1.403100 	 0.052200 	 0.012300 	 0.422400 
1149 	 0.070800 	 0.011400 	 0.027300 	 0.001200 	 0.141900 	 0.197900 	 0.011700 	 0.003000 	 0.519000 
1150 	 0.399700 	 0.010000 	 0.038600 	 0.003300 	 0.433000 	 1.379300 	 0.035800 	 0.031100 	 6.121600 
1151 	 0.645300 	 0.015900 	 0.028000 	 0.001500 	 0.374600 	 1.115900 	 0.020600 	 0.006700 	 0.295000 
1155 	 0.043000 	 0.008900 	 0.013100 	 0.001700 	 0.470500 	 0.228000 	 0.005900 	 0.002400 	 0.200600 
1159 	 8.362400 	 0.066700 	 0.222900 	 0.004700 	 0.786800 	 0.450400 	 0.051200 	 0.019800 	 4.137100 
1163 	 12.223000 	 0.118300 	 0.505400 	 0.004400 	 0.447400 	 0.741600 	 0.097800 	 0.014200 	 1.050500 
1164 	 21.688500 	 0.026500 	 0.117600 	 0.002000 	 0.310100 	 324.311700 	 8.732500 	 5.307600 	 695.884600 
1165 	 0.394000 	 0.001300 	 0.018700 	 0.000200 	 0.000900 	 10.750000 	 2399.619900 	 59.157000 	 3074.072000 
1167 	 1.223500 	 0.022100 	 0.107200 	 0.002800 	 0.560000 	 0.006100 	 0.003900 	 0.004100 	 0.436000 
1169 	 0.138000 	 0.008700 	 0.025200 	 0.001200 	 0.265400 	 0.759700 	 0.021200 	 0.006000 	 0.622100 
1171 	 0.032500 	 0.006500 	 0.011600 	 0.001000 	 0.327700 	 0.162500 	 0.005200 	 0.004000 	 1.188700 
1178 	 109.216000 	 0.102200 	 0.731900 	 0.004400 	 1.285000 	 0.113400 	 0.291600 	 0.091400 	 4.239500 
1181 	 0.900600 	 0.014800 	 0.049900 	 0.004100 	 0.921000 	 4.399200 	 0.149500 	 0.076600 	 12.176600 
1194 	 0.142000 	 0.006300 	 0.009500 	 0.000600 	 0.120700 	 0.318700 	 0.007800 	 0.003100 	 0.237900 
1196 	 3.432000 	 0.069100 	 0.318800 	 0.004600 	 0.751500 	 0.324800 	 0.066000 	 0.015200 	 1.593900 
1198 	 0.599100 	 0.041700 	 0.257300 	 0.008800 	 11.542700 	 0.152300 	 0.065100 	 0.026700 	 3.988400 
1199 	 0.127700 	 0.043200 	 0.114600 	 0.004100 	 0.553400 	 0.337000 	 0.066500 	 0.016600 	 6.141900 
1201 	 0.454800 	 0.005600 	 0.012700 	 0.000500 	 0.127400 	 0.107500 	 0.011000 	 0.003300 	 0.690800 
1202 	 1.032000 	 0.054400 	 0.169000 	 0.003400 	 0.860100 	 0.280600 	 0.092100 	 0.015400 	 4.233200 
1203 	 1.255500 	 0.021200 	 0.086400 	 0.000200 	 0.013200 	 0.000315 	 0.000000 	 0.000000 	 0.000000 
1204 	 0.114700 	 0.006700 	 0.016100 	 0.001400 	 0.177000 	 2.594800 	 0.023000 	 0.003900 	 0.399200 
1206 	 0.555000 	 0.115500 	 0.358600 	 0.009400 	 17.406400 	 0.334500 	 0.164400 	 0.036000 	 2.313600 
1208 	 0.714300 	 0.060200 	 0.222400 	 0.005900 	 3.019500 	 0.753600 	 0.058000 	 0.023900 	 5.649500 
1211 	 0.656700 	 0.003300 	 0.027900 	 0.000500 	 0.019000 	 0.000002 	 0.000000 	 0.000000 	 0.000000 
1212 	 0.086600 	 0.018300 	 0.032800 	 0.004300 	 2.114600 	 0.232400 	 0.005400 	 0.003800 	 0.448000 
1220 	 0.335000 	 0.012100 	 0.055800 	 0.003300 	 1.077700 	 0.018100 	 0.013100 	 0.027200 	 4.006400 
1221 	 0.876300 	 0.029200 	 0.042500 	 0.002500 	 0.410400 	 2.497000 	 0.111900 	 0.037600 	 1.494900 
1223 	 0.678200 	 0.051200 	 0.131600 	 0.002500 	 0.504400 	 0.213300 	 0.112400 	 0.021800 	 4.875900 
1228 	 0.116500 	 0.025400 	 0.069100 	 0.002400 	 3.209900 	 0.163000 	 0.015200 	 0.006100 	 4.632100 
1231 	 1.691600 	 0.075400 	 0.162100 	 0.004800 	 3.729500 	 0.639000 	 0.165900 	 0.026700 	 4.067600 
1233 	 0.184200 	 0.004100 	 0.012100 	 0.001200 	 0.171700 	 11.012800 	 0.118900 	 0.015800 	 0.577500 
1239 	 0.135300 	 0.017900 	 0.026700 	 0.002400 	 0.294500 	 0.823600 	 0.020800 	 0.007200 	 0.640500 
1241 	 0.657200 	 0.046900 	 0.130600 	 0.002400 	 0.510700 	 0.237400 	 0.094000 	 0.019900 	 1.860000 
1243 	 0.362600 	 0.020000 	 0.057700 	 0.001300 	 0.194600 	 0.269500 	 0.029100 	 0.006000 	 0.580900 
1255 	 0.680500 	 0.019500 	 0.105100 	 0.006200 	 13.955100 	 2076000000000.000000 	 112037678022656.000000 	 44943204679680.000000 	 468601635078144.000000 
1259 	 0.130500 	 0.007400 	 0.016200 	 0.000800 	 0.089600 	 0.371600 	 0.010200 	 0.004900 	 1.168200 
1261 	 1.267000 	 0.057200 	 0.151600 	 0.005600 	 0.723800 	 3.534800 	 0.094700 	 0.044300 	 2.729400 
1264 	 1.215600 	 0.037900 	 0.145700 	 0.004000 	 0.526300 	 0.600700 	 0.085100 	 0.019700 	 1.829200 
1266 	 0.154000 	 0.026500 	 0.069100 	 0.002500 	 0.496900 	 0.198600 	 0.027600 	 0.007200 	 2.449400 
1267 	 0.425900 	 0.030600 	 0.062800 	 0.003000 	 0.882500 	 0.574400 	 0.020000 	 0.007400 	 1.044300 
1269 	 0.101400 	 0.016300 	 0.042700 	 0.001800 	 3.993200 	 0.194800 	 0.014900 	 0.005700 	 0.928500 
1274 	 0.306100 	 0.026100 	 0.063700 	 0.002500 	 0.592900 	 0.395100 	 0.036200 	 0.013700 	 3.193900 
1275 	 0.060900 	 0.011700 	 0.023500 	 0.001700 	 0.419100 	 0.175200 	 0.007200 	 0.004000 	 1.258000 
1276 	 1.087900 	 0.036700 	 0.160400 	 0.004900 	 0.875600 	 0.120700 	 0.029500 	 0.016000 	 3.546100 
1277 	 0.050700 	 0.005000 	 0.007600 	 0.000600 	 0.095400 	 0.196300 	 0.003600 	 0.001900 	 0.288300 
1280 	 2.414000 	 0.076500 	 0.374400 	 0.006200 	 0.782400 	 5.895800 	 0.158100 	 0.065100 	 4.918200 
1283 	 0.110700 	 0.000800 	 0.005700 	 0.000200 	 0.001500 	 238.117900 	 6812.509800 	 2577.515600 	 46028.406200 
1285 	 0.337500 	 0.035200 	 0.062200 	 0.002400 	 0.795700 	 0.350900 	 0.044700 	 0.011700 	 4.412200 
1289 	 0.744700 	 0.074600 	 0.316300 	 0.003600 	 0.519300 	 0.203600 	 0.128300 	 0.013800 	 2.176100 
1297 	 0.087100 	 0.011900 	 0.026000 	 0.001600 	 1.073900 	 0.319400 	 0.012400 	 0.006600 	 2.208500 
1300 	 0.207800 	 0.012100 	 0.036100 	 0.003000 	 1.379800 	 0.624500 	 0.035300 	 0.009200 	 1.876800 
1312 	 1.937300 	 0.051300 	 0.186400 	 0.006100 	 3.450800 	 0.028500 	 0.007100 	 0.003200 	 1.105100 
1313 	 1.526400 	 0.124500 	 0.176600 	 0.004700 	 0.534300 	 0.704000 	 0.196000 	 0.017900 	 2.162500 
1316 	 1.733100 	 0.062000 	 0.274400 	 0.008500 	 1.032200 	 0.128100 	 0.028700 	 0.008300 	 0.965100 
1325 	 0.095000 	 0.027600 	 0.041400 	 0.002900 	 0.406600 	 0.217600 	 0.009700 	 0.003200 	 0.515600 
1327 	 0.913900 	 0.054100 	 0.272600 	 0.002400 	 0.293500 	 0.213500 	 0.100800 	 0.029400 	 6.041400 
1332 	 0.264000 	 0.043600 	 0.072900 	 0.001900 	 0.142400 	 0.325100 	 0.089100 	 0.009900 	 0.748100 
1341 	 0.318100 	 0.001300 	 0.015500 	 0.000200 	 0.001600 	 13.420000 	 1484.973600 	 306.901600 	 4229.069300 
1344 	 0.042800 	 0.020700 	 0.043100 	 0.002600 	 0.382500 	 0.150400 	 0.015300 	 0.004600 	 0.329200 
1351 	 2.224700 	 0.041100 	 0.145200 	 0.002100 	 0.254600 	 0.493900 	 0.040200 	 0.008000 	 0.399100 
1355 	 4.679500 	 0.030400 	 0.080900 	 0.003300 	 1.723600 	 0.141700 	 0.010300 	 0.004200 	 0.405100 
1357 	 0.160100 	 0.011300 	 0.023700 	 0.001800 	 0.214100 	 0.681900 	 0.007100 	 0.003600 	 0.486600 
1364 	 0.262000 	 0.028200 	 0.086500 	 0.002200 	 0.490300 	 0.332000 	 0.065300 	 0.016900 	 1.038100 
1366 	 0.478600 	 0.043800 	 0.128800 	 0.004000 	 1.262700 	 0.548600 	 0.034100 	 0.011200 	 1.301400 
1368 	 0.882700 	 0.024800 	 0.044600 	 0.001400 	 0.458600 	 0.476400 	 0.021800 	 0.008700 	 0.540500 
1372 	 2.322700 	 0.053300 	 0.097500 	 0.003000 	 0.457500 	 2.364000 	 0.049200 	 0.014800 	 0.415800 
1384 	 0.152700 	 0.019800 	 0.053300 	 0.002300 	 0.658500 	 0.230500 	 0.019200 	 0.006600 	 4.879000 
1389 	 1.556300 	 0.106300 	 0.309600 	 0.005600 	 1.880600 	 0.377600 	 0.174200 	 0.032200 	 2.752300 
1401 	 1.121600 	 0.034000 	 0.068100 	 0.002400 	 0.324000 	 0.586000 	 0.041000 	 0.007200 	 0.319900 
1412 	 35.923700 	 0.092700 	 0.455800 	 0.005500 	 3.390600 	 4.867700 	 0.228300 	 0.044000 	 3.918800 
1415 	 0.283100 	 0.022200 	 0.039200 	 0.001400 	 0.419400 	 0.152000 	 0.058200 	 0.010000 	 5.577200 
1417 	 0.342600 	 0.022000 	 0.112700 	 0.008300 	 1.708600 	 0.062500 	 0.040000 	 0.166900 	 28.457100 
1418 	 0.374800 	 0.003500 	 0.010900 	 0.000800 	 0.110800 	 0.216100 	 0.028600 	 0.009400 	 0.728300 
1429 	 0.108400 	 0.006500 	 0.014500 	 0.000800 	 0.078700 	 0.173300 	 0.004300 	 0.002500 	 0.704100 
1431 	 0.208000 	 0.017500 	 0.041700 	 0.002800 	 0.427600 	 0.727300 	 0.015400 	 0.005100 	 0.543700 
1449 	 0.058500 	 0.004700 	 0.006800 	 0.000600 	 0.112700 	 0.212700 	 0.002100 	 0.001000 	 0.178500 
1456 	 0.921700 	 0.038000 	 0.136800 	 0.007100 	 2.028500 	 7.119100 	 0.058200 	 0.019100 	 1.034600 
1460 	 0.247300 	 0.032100 	 0.079400 	 0.003100 	 0.406900 	 0.873200 	 0.064200 	 0.015800 	 1.865700 
1470 	 0.163400 	 0.024600 	 0.069400 	 0.002600 	 0.468100 	 0.337400 	 0.020100 	 0.007100 	 2.342100 
1471 	 0.621600 	 0.021100 	 0.053700 	 0.003000 	 0.518100 	 55.687400 	 0.284500 	 0.051300 	 1.225200 
1480 	 0.630900 	 0.014100 	 0.052500 	 0.003000 	 0.851300 	 362100000000.000000 	 15258996441088.000000 	 5143178248192.000000 	 5497485661306880.000000 
2000 	 0.157400 	 0.000800 	 0.008200 	 0.000200 	 0.001700 	 43.840000 	 5623.162600 	 111.092000 	 24736.824200 
2002 	 0.049300 	 0.008300 	 0.015800 	 0.002000 	 0.454100 	 0.162400 	 0.003300 	 0.004100 	 1.341500 
2005 	 0.036400 	 0.006700 	 0.004000 	 0.001500 	 3.638200 	 0.136200 	 0.001800 	 0.001800 	 0.370200 
2007 	 0.114900 	 0.017800 	 0.024500 	 0.002500 	 0.704900 	 0.546000 	 0.010800 	 0.006400 	 1.144600 
2009 	 0.046000 	 0.004500 	 0.008300 	 0.001000 	 0.220000 	 0.328500 	 0.007500 	 0.003900 	 1.115500 
2010 	 0.732600 	 0.025900 	 0.077200 	 0.001800 	 0.185500 	 0.472100 	 0.014200 	 0.004100 	 0.429400 
2013 	 5.583700 	 0.020800 	 0.029200 	 0.002300 	 0.284000 	 0.064100 	 0.011100 	 0.001500 	 0.496200 
2015 	 0.182900 	 0.015200 	 0.020500 	 0.001500 	 0.660300 	 0.435700 	 0.005400 	 0.003700 	 0.468600 
2016 	 0.329200 	 0.009200 	 0.014100 	 0.001000 	 0.416200 	 1.663900 	 0.017400 	 0.006600 	 0.321300 
2017 	 1.061800 	 0.058200 	 0.085800 	 0.003800 	 0.980400 	 0.458300 	 0.094700 	 0.019100 	 1.080700 
2018 	 0.525600 	 0.015900 	 0.021800 	 0.001200 	 0.275100 	 1.054000 	 0.016500 	 0.006500 	 0.455500 
2019 	 0.980400 	 0.007900 	 0.049600 	 0.000300 	 0.006800 	 0.000800 	 0.000000 	 0.000100 	 0.000000 
2024 	 0.033800 	 0.008100 	 0.012000 	 0.001300 	 0.185900 	 0.147100 	 0.004600 	 0.004000 	 0.912800 
2026 	 0.116200 	 0.007400 	 0.007500 	 0.001000 	 0.351100 	 0.370100 	 0.002700 	 0.001800 	 0.194300 
2028 	 0.368200 	 0.035700 	 0.063400 	 0.002900 	 3.421200 	 0.268500 	 0.082700 	 0.016500 	 1.463600 
2029 	 1.180400 	 0.016100 	 0.055000 	 0.002000 	 0.332000 	 0.181600 	 0.006800 	 0.004200 	 0.485500 
2030 	 0.016900 	 0.001800 	 0.002600 	 0.000700 	 0.229000 	 0.159800 	 0.001800 	 0.001200 	 0.143100 
2031 	 0.034800 	 0.003800 	 0.005500 	 0.000700 	 0.341500 	 0.223900 	 0.002200 	 0.001400 	 0.157400 
2032 	 0.559600 	 0.020900 	 0.021200 	 0.001800 	 0.832500 	 0.733200 	 0.072300 	 0.017100 	 1.279600 
2034 	 0.073900 	 0.011800 	 0.018700 	 0.001500 	 0.547800 	 0.230500 	 0.006800 	 0.003000 	 1.198600 
2035 	 0.153300 	 0.016900 	 0.052000 	 0.001700 	 0.364700 	 0.131500 	 0.013900 	 0.005300 	 3.831300 
2039 	 1.056000 	 0.040500 	 0.082000 	 0.002300 	 1.673900 	 0.334900 	 0.055500 	 0.012700 	 0.805800 
2040 	 0.082700 	 0.008200 	 0.010900 	 0.000700 	 0.117100 	 0.146800 	 0.004000 	 0.001400 	 0.344200 
2042 	 0.131300 	 0.020300 	 0.037200 	 0.001800 	 0.203300 	 0.265000 	 0.013400 	 0.003500 	 0.550800 
2043 	 1.140300 	 0.052100 	 0.077300 	 0.006600 	 0.932700 	 1.237100 	 0.099400 	 0.014400 	 1.266400 
2047 	 0.167300 	 0.004900 	 0.006500 	 0.000900 	 0.154400 	 4.260800 	 0.052300 	 0.008300 	 1.210300 
2049 	 3.861600 	 0.085100 	 0.140100 	 0.002800 	 0.354400 	 0.520700 	 0.077500 	 0.009200 	 0.839400 
2050 	 0.074300 	 0.001000 	 0.004600 	 0.000200 	 0.012200 	 0.000000 	 0.000000 	 0.000000 	 0.000000 
2052 	 1.085900 	 0.010900 	 0.028900 	 0.001700 	 0.165200 	 9.587100 	 1.380300 	 0.015900 	 0.392200 
2055 	 0.847600 	 0.058700 	 0.164700 	 0.004400 	 0.526900 	 0.186700 	 0.062000 	 0.010600 	 1.482000 
2057 	 0.821400 	 0.031200 	 0.079200 	 0.002000 	 0.278200 	 0.878100 	 0.038500 	 0.008600 	 1.190000 
2058 	 1.201000 	 0.018300 	 0.107500 	 0.003900 	 0.529000 	 22.096600 	 0.301300 	 0.023300 	 3.939000 
2061 	 0.142500 	 0.021000 	 0.030100 	 0.001700 	 0.238000 	 0.257000 	 0.019400 	 0.010300 	 122.860200 
2062 	 3.204700 	 0.043700 	 0.216900 	 0.007200 	 1.879700 	 1.338600 	 0.062300 	 0.043900 	 7.106700 
2064 	 2.014800 	 0.064500 	 0.212100 	 0.003600 	 0.905800 	 0.355200 	 0.035300 	 0.006500 	 0.820800 
2069 	 0.011900 	 0.004700 	 0.007700 	 0.001000 	 0.312700 	 0.073500 	 0.002100 	 0.001400 	 0.257500 
2070 	 0.189500 	 0.021600 	 0.050100 	 0.003000 	 0.475400 	 0.446100 	 0.018000 	 0.007400 	 1.832000 
2071 	 0.058000 	 0.016200 	 0.018000 	 0.002200 	 0.739300 	 0.169600 	 0.004900 	 0.003600 	 0.423700 
2072 	 0.073700 	 0.009500 	 0.017500 	 0.001300 	 0.214000 	 0.270500 	 0.006600 	 0.002500 	 0.478800 
2073 	 0.335200 	 0.010200 	 0.022800 	 0.000800 	 0.087800 	 0.319300 	 0.007400 	 0.001500 	 0.161300 
2074 	 0.370300 	 0.034000 	 0.126400 	 0.005000 	 0.809400 	 1.134200 	 0.029200 	 0.014900 	 2.654600 
2075 	 1.590500 	 0.100200 	 0.216200 	 0.004900 	 0.594500 	 0.184400 	 0.050700 	 0.004900 	 0.543900 
2078 	 0.164800 	 0.012900 	 0.041700 	 0.002100 	 0.324400 	 0.425400 	 0.009900 	 0.005400 	 0.370300 
2079 	 0.126600 	 0.004600 	 0.010100 	 0.000900 	 0.155700 	 8.570700 	 0.123800 	 0.010000 	 1.010400 
2081 	 0.127200 	 0.016500 	 0.035100 	 0.002600 	 23.849100 	 0.990400 	 0.029800 	 0.014800 	 2.369500 
2082 	 0.154900 	 0.005100 	 0.021500 	 0.001900 	 2.551400 	 0.772600 	 0.007200 	 0.007900 	 2.666200 
2083 	 0.147400 	 0.047400 	 0.144500 	 0.007000 	 3.629000 	 0.273300 	 0.025100 	 0.009300 	 3.617000 
2084 	 0.343100 	 0.027700 	 0.036400 	 0.002300 	 0.273400 	 0.634900 	 0.036900 	 0.008500 	 0.556000 
2085 	 0.055400 	 0.032600 	 0.054400 	 0.006700 	 0.782000 	 0.103000 	 0.011100 	 0.005700 	 1.342000 
2086 	 1.975600 	 0.046800 	 0.150800 	 0.004100 	 0.703700 	 16.329700 	 0.143900 	 0.035000 	 1.454300 
2093 	 0.231600 	 0.014400 	 0.028700 	 0.001400 	 0.162900 	 1.136300 	 0.030200 	 0.010500 	 0.628700 
2099 	 0.080200 	 0.033200 	 0.071100 	 0.004100 	 0.568900 	 0.226000 	 0.017500 	 0.008600 	 1.670300 
2102 	 0.423400 	 0.070400 	 0.183200 	 0.006000 	 0.550800 	 0.447200 	 0.123000 	 0.062500 	 14.622100 
2106 	 0.424000 	 0.022400 	 0.036500 	 0.001500 	 0.163500 	 0.520900 	 0.029100 	 0.006800 	 0.354800 
2111 	 1.774500 	 0.022300 	 0.075600 	 0.003600 	 0.429900 	 1.856600 	 0.074100 	 0.041600 	 4.242400 
2112 	 2.013200 	 0.045100 	 0.073800 	 0.003800 	 1.326400 	 0.406300 	 0.058600 	 0.011400 	 0.984000 
2117 	 0.157900 	 0.000400 	 0.010700 	 0.000200 	 0.001200 	 0.262800 	 2006.674300 	 1003.537500 	 23563.187500 
2119 	 0.288400 	 0.045600 	 0.065700 	 0.003000 	 0.516900 	 0.548800 	 0.076900 	 0.015200 	 2.309000 
2120 	 0.167900 	 0.008700 	 0.021500 	 0.001200 	 0.249000 	 0.472300 	 0.007600 	 0.003700 	 0.650500 
2121 	 1.080500 	 0.038300 	 0.187900 	 0.004700 	 0.876600 	 0.354200 	 0.135900 	 0.085700 	 110.286900 
2122 	 0.158600 	 0.049000 	 0.086500 	 0.006200 	 0.710800 	 0.258700 	 0.029800 	 0.006100 	 0.483900 
2126 	 0.346100 	 0.028300 	 0.091300 	 0.003000 	 0.389500 	 0.437300 	 0.028600 	 0.012300 	 3.826400 
2139 	 48.341500 	 0.343500 	 7.659300 	 0.032100 	 1.187000 	 0.053000 	 0.013700 	 0.007100 	 1.213600 
2141 	 0.234600 	 0.016000 	 0.031500 	 0.001300 	 0.162400 	 0.303700 	 0.014300 	 0.003800 	 0.659300 
2144 	 0.308700 	 0.007800 	 0.023400 	 0.002300 	 0.377100 	 5.207800 	 2.786100 	 0.054700 	 1.326900 
2149 	 0.794200 	 0.006200 	 0.037500 	 0.000300 	 0.011500 	 0.000000 	 0.000000 	 0.000026 	 0.000000 
2150 	 0.712700 	 0.019100 	 0.048300 	 0.001500 	 0.692100 	 0.267200 	 0.037600 	 0.008600 	 0.494900 
2156 	 0.701700 	 0.031000 	 0.075100 	 0.001800 	 0.272400 	 0.248300 	 0.061100 	 0.009800 	 1.841100 
2159 	 0.313600 	 0.034200 	 0.091000 	 0.002800 	 1.593100 	 0.187900 	 0.056000 	 0.010100 	 2.836100 
2163 	 0.265900 	 0.023400 	 0.057800 	 0.001500 	 0.156400 	 0.126800 	 0.023000 	 0.005000 	 3.091000 
2164 	 70.982000 	 0.185200 	 1.378000 	 0.010600 	 2.468400 	 0.057200 	 0.016000 	 0.015600 	 35.820800 
2167 	 0.062100 	 0.006200 	 0.011200 	 0.000600 	 0.077600 	 0.155300 	 0.006200 	 0.001800 	 0.222400 
2169 	 0.414900 	 0.020100 	 0.032800 	 0.001300 	 0.177300 	 0.217200 	 0.025200 	 0.006400 	 8.497600 
2173 	 0.659800 	 0.024800 	 0.037200 	 0.001100 	 0.128900 	 0.259400 	 0.048900 	 0.008100 	 2.978800 
2176 	 2.150000 	 0.047300 	 0.183400 	 0.003900 	 0.447800 	 0.272800 	 0.057600 	 0.011300 	 1.030500 
2179 	 0.080100 	 0.009300 	 0.029300 	 0.001000 	 0.082100 	 0.235300 	 0.021500 	 0.006700 	 1.997600 
2181 	 0.317900 	 0.027800 	 0.123200 	 0.004500 	 0.514200 	 0.246900 	 0.061100 	 0.030400 	 3.184200 
2184 	 1.000200 	 0.014800 	 0.067000 	 0.003500 	 0.636900 	 0.008800 	 0.004500 	 0.001400 	 0.463500 
2193 	 0.751000 	 0.153200 	 0.477000 	 0.014100 	 4.726600 	 0.583900 	 0.365100 	 0.059500 	 17.649100 
2196 	 0.940600 	 0.019500 	 0.110800 	 0.004400 	 0.585600 	 4.804700 	 9.189300 	 0.131400 	 3.465800 
2203 	 1.734300 	 0.015100 	 0.083500 	 0.000100 	 0.002300 	 11.570000 	 1265.093400 	 32.917700 	 2543.511700 
2211 	 0.052100 	 0.004200 	 0.006900 	 0.000500 	 0.075200 	 0.132500 	 0.002800 	 0.001800 	 0.359300 
2214 	 1.031200 	 0.034800 	 0.236800 	 0.006900 	 1.119000 	 0.114300 	 0.055300 	 0.019200 	 3.186600 
2215 	 0.128300 	 0.015000 	 0.036400 	 0.001200 	 0.137100 	 0.163700 	 0.015800 	 0.008500 	 3.192600 
2216 	 0.136900 	 0.033600 	 0.072600 	 0.003700 	 0.706800 	 0.306200 	 0.029100 	 0.015300 	 3.565300 
3000 	 0.237600 	 0.031300 	 0.059400 	 0.002900 	 0.992300 	 0.364900 	 0.019800 	 0.007600 	 0.565400 
3001 	 0.067300 	 0.011400 	 0.027000 	 0.002400 	 1.000400 	 0.541100 	 0.016200 	 0.008700 	 2.485700 
3002 	 0.226800 	 0.016900 	 0.032900 	 0.001500 	 0.837000 	 0.275600 	 0.015600 	 0.004600 	 0.608400 
3003 	 0.488900 	 0.011800 	 0.049800 	 0.001900 	 0.262700 	 2.039000 	 0.014700 	 0.004700 	 0.451800 
3004 	 0.653900 	 0.007900 	 0.015600 	 0.001600 	 0.339300 	 1.164500 	 0.010100 	 0.006400 	 0.728600 
3005 	 0.115400 	 0.010700 	 0.015800 	 0.002600 	 0.734700 	 0.759900 	 0.005500 	 0.002300 	 0.257400 
3007 	 0.137100 	 0.015500 	 0.027000 	 0.001700 	 0.503900 	 0.689700 	 0.024900 	 0.012400 	 2.394000 
3008 	 0.801500 	 0.020200 	 0.095100 	 0.004000 	 2.664600 	 4.122100 	 1.175500 	 0.128900 	 3.335400 
3009 	 0.024500 	 0.010500 	 0.030400 	 0.002200 	 0.327800 	 0.069200 	 0.008900 	 0.008200 	 2.013400 
3011 	 2.280000 	 0.036000 	 0.069400 	 0.003800 	 0.637700 	 9.605200 	 0.042500 	 0.015300 	 0.523100 
3012 	 0.053700 	 0.012600 	 0.013200 	 0.003100 	 0.442600 	 0.082900 	 0.002400 	 0.002000 	 0.459900 
3013 	 0.634600 	 0.025500 	 0.083700 	 0.005100 	 6.673700 	 0.501000 	 0.071400 	 0.015900 	 2.229500 
3014 	 0.088400 	 0.008600 	 0.028700 	 0.002800 	 2.076700 	 1.047800 	 0.024200 	 0.006300 	 1.155600 
3016 	 0.027900 	 0.003200 	 0.005100 	 0.000800 	 0.150100 	 0.137900 	 0.002100 	 0.001500 	 0.341600 
3018 	 0.215300 	 0.012600 	 0.028400 	 0.001200 	 0.166000 	 0.351800 	 0.011600 	 0.005400 	 1.845800 
3019 	 0.062300 	 0.013400 	 0.029800 	 0.002000 	 0.787400 	 0.204400 	 0.008800 	 0.005500 	 1.515000 
3020 	 33.126600 	 0.030500 	 0.132600 	 0.002100 	 0.464600 	 0.963600 	 0.023400 	 0.027800 	 10.408200 
3023 	 0.439700 	 0.001000 	 0.015200 	 0.000200 	 0.360200 	 2928.635500 	 3466.647000 	 17778.912100 	 394760.937500 
3025 	 0.025400 	 0.001900 	 0.003500 	 0.000500 	 0.102200 	 0.285900 	 0.004400 	 0.001200 	 0.162900 
3027 	 0.383700 	 0.015000 	 0.011700 	 0.001000 	 0.136900 	 2.118500 	 0.034300 	 0.010100 	 0.386100 
3028 	 1.295400 	 0.021200 	 0.050400 	 0.001600 	 0.838400 	 0.446500 	 0.011400 	 0.003900 	 0.248900 
3029 	 0.289400 	 0.000800 	 0.006700 	 0.000100 	 0.002800 	 10.920000 	 12461.861300 	 220.810700 	 11051.576200 
3031 	 0.078400 	 0.004300 	 0.002100 	 0.000400 	 0.087600 	 0.261000 	 0.001600 	 0.000800 	 0.089200 
3032 	 0.136700 	 0.009800 	 0.012900 	 0.000800 	 0.145300 	 0.302200 	 0.013200 	 0.004600 	 1.109200 
3033 	 0.118800 	 0.000200 	 0.003500 	 0.000200 	 0.000300 	 0.000000 	 0.000000 	 0.000000 	 0.000000 
3034 	 1.469200 	 0.023100 	 0.124800 	 0.000200 	 0.005500 	 4102142720.000000 	 44939239424.000000 	 92800000.000000 	 50296856576.000000 
3036 	 0.082600 	 0.017900 	 0.038100 	 0.003200 	 1.247900 	 0.249000 	 0.009100 	 0.007500 	 2.585600 
3041 	 0.832900 	 0.011700 	 0.048000 	 0.000100 	 0.016800 	 0.009600 	 0.004500 	 0.000100 	 0.000000 
3042 	 0.072800 	 0.007600 	 0.013200 	 0.001200 	 0.190600 	 0.255400 	 0.005500 	 0.003800 	 1.170000 
3043 	 0.040900 	 0.006900 	 0.005500 	 0.001300 	 0.391900 	 0.199600 	 0.002800 	 0.002700 	 0.755300 
3044 	 0.325600 	 0.011400 	 0.033700 	 0.002100 	 0.298400 	 0.151400 	 0.024000 	 0.006400 	 0.665700 
3046 	 1.023500 	 0.104400 	 0.531600 	 0.004800 	 1.434100 	 0.281900 	 0.223300 	 0.028100 	 4.859500 
3048 	 0.838000 	 0.012300 	 0.045600 	 0.002700 	 2.431500 	 0.030700 	 0.014800 	 0.053700 	 8.029400 
3050 	 3.556800 	 0.012400 	 0.049800 	 0.001300 	 0.142200 	 0.040500 	 0.009300 	 0.013100 	 0.746800 
3051 	 0.084000 	 0.003500 	 0.006100 	 0.000300 	 0.036900 	 0.158000 	 0.002100 	 0.000800 	 0.110500 
3052 	 0.148800 	 0.016800 	 0.026200 	 0.001800 	 0.596200 	 0.328500 	 0.010200 	 0.006300 	 1.221800 
3054 	 0.077100 	 0.006200 	 0.011700 	 0.001000 	 0.113000 	 0.583100 	 0.007100 	 0.002500 	 0.315000 
3056 	 0.081900 	 0.004200 	 0.011100 	 0.000900 	 0.149100 	 0.537700 	 0.004700 	 0.001900 	 0.185200 
3057 	 0.615200 	 0.027300 	 0.041800 	 0.001300 	 0.154500 	 0.196300 	 0.042400 	 0.007500 	 4.155100 
3058 	 1.241700 	 0.081500 	 0.489100 	 0.003900 	 0.415600 	 0.211900 	 0.093600 	 0.017700 	 4.923100 
3059 	 0.403600 	 0.019400 	 0.029000 	 0.002200 	 0.637500 	 1.121600 	 0.021400 	 0.008200 	 0.384400 
3062 	 0.439600 	 0.037000 	 0.070900 	 0.003000 	 1.797900 	 0.317500 	 0.076100 	 0.020500 	 1.267200 
3066 	 0.166600 	 0.010100 	 0.020200 	 0.001200 	 0.234100 	 0.301000 	 0.008200 	 0.003300 	 0.581400 
3069 	 0.027600 	 0.004200 	 0.007300 	 0.000900 	 0.105200 	 0.137000 	 0.003000 	 0.002500 	 0.588100 
3073 	 1.140700 	 0.132500 	 0.034800 	 0.015400 	 1.142400 	 0.023200 	 0.088200 	 0.010700 	 1.188800 
3074 	 3.757400 	 0.024600 	 0.120800 	 0.002000 	 8.271900 	 11.145200 	 1.732500 	 0.040300 	 0.563900 
3075 	 0.039000 	 0.006100 	 0.020700 	 0.001400 	 0.152100 	 0.139200 	 0.006300 	 0.005200 	 5.016600 
3078 	 0.256400 	 0.023400 	 0.051400 	 0.002100 	 0.284000 	 0.216100 	 0.023400 	 0.007100 	 3.683000 
3079 	 0.034600 	 0.005700 	 0.012100 	 0.001500 	 0.160800 	 0.137800 	 0.002900 	 0.002500 	 0.234000 
3080 	 0.549400 	 0.023000 	 0.040700 	 0.001500 	 0.234100 	 0.580900 	 0.030500 	 0.005700 	 1.068600 
3083 	 2.103400 	 0.032000 	 0.131000 	 0.002000 	 0.395400 	 0.380500 	 0.054800 	 0.016000 	 0.892700 
3084 	 1.209200 	 0.019100 	 0.034000 	 0.003700 	 0.963800 	 43.063200 	 0.165000 	 0.018800 	 0.708500 
3087 	 0.395300 	 0.044900 	 0.139900 	 0.003500 	 0.674000 	 0.253400 	 0.087100 	 0.016000 	 12.879900 
3088 	 0.056300 	 0.007400 	 0.006200 	 0.000900 	 0.359900 	 0.211500 	 0.004700 	 0.003200 	 0.919600 
3090 	 7.446900 	 0.063200 	 0.194500 	 0.002900 	 0.954700 	 1.379000 	 0.283100 	 0.045300 	 46.754500 
3092 	 21.469900 	 0.064600 	 0.209500 	 0.003300 	 0.812600 	 1.217100 	 0.056400 	 0.009700 	 0.638500 
3093 	 0.152200 	 0.021100 	 0.054000 	 0.002800 	 1.931800 	 0.440600 	 0.014900 	 0.008400 	 0.918700 
3094 	 0.441100 	 0.031400 	 0.028400 	 0.002000 	 0.402600 	 1.334200 	 0.102900 	 0.029900 	 1.118800 
3096 	 0.395800 	 0.005900 	 0.019600 	 0.001200 	 0.161500 	 4.059200 	 0.059500 	 0.008200 	 1.400800 
3100 	 0.192900 	 0.006100 	 0.015400 	 0.001200 	 0.278200 	 0.104500 	 0.005400 	 0.001900 	 0.209500 
3101 	 0.034900 	 0.004000 	 0.008600 	 0.001000 	 0.305900 	 0.191100 	 0.002200 	 0.001400 	 0.162800 
3103 	 0.044700 	 0.005500 	 0.015700 	 0.001300 	 0.163400 	 1.233800 	 0.043700 	 0.006300 	 1.033200 
3104 	 0.714400 	 0.040600 	 0.100000 	 0.003200 	 0.875700 	 0.305200 	 0.079500 	 0.019000 	 1.744200 
3105 	 0.342700 	 0.026000 	 0.041900 	 0.001700 	 0.957000 	 0.234700 	 0.037100 	 0.005500 	 2.189300 
3110 	 0.217700 	 0.058000 	 0.060800 	 0.004000 	 0.431200 	 0.105900 	 0.022700 	 0.009400 	 1.732200 
3113 	 0.206800 	 0.005900 	 0.017400 	 0.001500 	 0.300300 	 1.538500 	 0.087300 	 0.018400 	 2.447400 
3114 	 0.740400 	 0.024600 	 0.126500 	 0.003300 	 0.453200 	 7.369800 	 0.165500 	 0.017200 	 0.784700 
3115 	 0.224500 	 0.008100 	 0.013300 	 0.000900 	 0.399900 	 1.521900 	 0.012900 	 0.005200 	 0.630000 
3117 	 0.073100 	 0.009300 	 0.013700 	 0.000800 	 0.130500 	 0.163300 	 0.008600 	 0.005700 	 0.715800 
3120 	 6.618700 	 0.024100 	 0.086000 	 0.002600 	 0.619300 	 12798362.000000 	 12952.293900 	 586.997200 	 11670.147500 
3121 	 0.081600 	 0.015000 	 0.025100 	 0.002400 	 1.550700 	 0.352100 	 0.010800 	 0.006600 	 1.039800 
3122 	 0.069700 	 0.005600 	 0.010700 	 0.001100 	 0.128300 	 0.609300 	 0.008200 	 0.003500 	 0.371100 
3127 	 0.529000 	 0.011500 	 0.044300 	 0.002000 	 0.285900 	 26.151900 	 0.165700 	 0.014400 	 0.470600 
3128 	 0.665500 	 0.019900 	 0.045900 	 0.001700 	 0.308700 	 0.115500 	 0.022700 	 0.004900 	 0.631600 
3134 	 19.277900 	 0.067600 	 0.351400 	 0.004500 	 1.025300 	 79323.203100 	 20.371900 	 0.031250 	 1.495800 
3135 	 0.470300 	 0.026400 	 0.054300 	 0.001900 	 0.232300 	 0.541200 	 0.032300 	 0.005500 	 0.622200 
3138 	 0.858000 	 0.018000 	 0.053700 	 0.001200 	 0.267900 	 2.630900 	 0.058700 	 0.020300 	 1.115100 
3140 	 0.102800 	 0.006300 	 0.009300 	 0.001100 	 0.186700 	 0.754600 	 0.006600 	 0.002600 	 0.240500 
3143 	 0.127300 	 0.007600 	 0.020700 	 0.000700 	 0.090000 	 0.107300 	 0.004200 	 0.002600 	 6.143600 
3144 	 0.131800 	 0.018600 	 0.015400 	 0.001900 	 2.905500 	 0.252800 	 0.009800 	 0.002900 	 1.820900 
3146 	 0.058900 	 0.007400 	 0.014000 	 0.001000 	 0.237900 	 0.163000 	 0.004900 	 0.002500 	 0.934900 
3147 	 0.048400 	 0.007300 	 0.006100 	 0.000700 	 0.095100 	 0.191000 	 0.004000 	 0.001800 	 0.270100 
3148 	 0.060600 	 0.013600 	 0.025500 	 0.002400 	 0.816100 	 0.237600 	 0.010200 	 0.005900 	 4.360700 
3149 	 0.047600 	 0.004800 	 0.004800 	 0.000600 	 0.111200 	 0.166500 	 0.002300 	 0.000900 	 0.160500 
3152 	 0.169000 	 0.006500 	 0.010600 	 0.000500 	 0.168300 	 0.189900 	 0.003900 	 0.001600 	 0.083200 
3154 	 0.360200 	 0.034500 	 0.092800 	 0.002500 	 1.083500 	 0.216800 	 0.048300 	 0.009800 	 3.160900 
3155 	 1.282800 	 0.014000 	 0.036700 	 0.002500 	 0.368200 	 2.353600 	 0.065700 	 0.008300 	 0.963000 
3156 	 0.770100 	 0.055700 	 0.164400 	 0.003900 	 0.922400 	 0.213700 	 0.089700 	 0.023400 	 2.876000 
3157 	 0.110300 	 0.007300 	 0.013800 	 0.001400 	 0.433200 	 3.420500 	 0.068000 	 0.010700 	 1.240000 
3159 	 0.453100 	 0.010700 	 0.024700 	 0.001600 	 0.289900 	 1.030400 	 0.027600 	 0.004000 	 0.465900 
3160 	 0.445500 	 0.018100 	 0.043500 	 0.001200 	 0.141000 	 1.877100 	 0.046800 	 0.013200 	 2.370600 
3166 	 0.207800 	 0.007900 	 0.013600 	 0.000700 	 0.103200 	 0.427600 	 0.011400 	 0.002700 	 0.465300 
3167 	 0.598900 	 0.026000 	 0.042400 	 0.001600 	 0.318800 	 0.244100 	 0.023200 	 0.005200 	 0.264700 
3169 	 0.316200 	 0.030100 	 0.120000 	 0.003500 	 0.212100 	 0.826300 	 0.077200 	 0.056300 	 3.864800 
3171 	 0.604800 	 0.016600 	 0.027800 	 0.001700 	 0.256600 	 2.252500 	 0.033000 	 0.010700 	 0.537400 
3173 	 0.522400 	 0.033300 	 0.039900 	 0.003000 	 0.822200 	 0.737900 	 0.014600 	 0.006100 	 0.406500 
3174 	 0.240000 	 0.000100 	 0.004000 	 0.000100 	 0.002300 	 0.000000 	 0.000000 	 0.000000 	 0.000000 
3176 	 0.351600 	 0.010900 	 0.023400 	 0.001600 	 0.216900 	 17.184200 	 0.072100 	 0.010700 	 0.428100 
3177 	 0.031900 	 0.005000 	 0.007200 	 0.000800 	 0.113300 	 0.160100 	 0.004300 	 0.002300 	 0.481700 
3180 	 0.062600 	 0.009300 	 0.006500 	 0.001000 	 0.188500 	 0.175200 	 0.002700 	 0.001500 	 0.241200 
3181 	 0.304400 	 0.000300 	 0.019500 	 0.000300 	 0.002600 	 16.780000 	 18032.955100 	 93.807000 	 3967.230500 
3182 	 0.625600 	 0.025300 	 0.044600 	 0.001800 	 0.254800 	 2.438800 	 0.051100 	 0.016600 	 1.018900 
3183 	 0.580300 	 0.012500 	 0.043900 	 0.003200 	 0.497700 	 0.119200 	 0.029500 	 0.024300 	 1.988500 
3185 	 0.545700 	 0.003100 	 0.026100 	 0.000400 	 0.003400 	 0.000000 	 0.000000 	 0.000000 	 0.000000 
3186 	 0.044700 	 0.008100 	 0.019600 	 0.001300 	 0.243500 	 0.187300 	 0.004400 	 0.002500 	 0.416500 
3189 	 0.154600 	 0.026700 	 0.056000 	 0.002900 	 0.745900 	 0.275100 	 0.015700 	 0.007600 	 2.294200 
3195 	 0.115800 	 0.010400 	 0.020000 	 0.001600 	 0.276100 	 0.722600 	 0.017200 	 0.010400 	 0.589000 
3196 	 0.041100 	 0.006200 	 0.005800 	 0.001000 	 1.501600 	 0.185600 	 0.003200 	 0.002200 	 0.256700 
3201 	 0.422100 	 0.066100 	 0.192200 	 0.004400 	 1.108900 	 0.739500 	 0.109900 	 0.031100 	 4.837100 
3203 	 0.269200 	 0.022400 	 0.062000 	 0.002800 	 0.691600 	 0.382200 	 0.014000 	 0.007700 	 1.975500 
3205 	 0.073600 	 0.007300 	 0.017200 	 0.001500 	 0.528000 	 0.301100 	 0.005700 	 0.003300 	 0.218500 
3206 	 0.825300 	 0.033000 	 0.111400 	 0.004000 	 0.453200 	 0.702500 	 0.074400 	 0.026100 	 2.134600 
3207 	 0.186200 	 0.018200 	 0.039400 	 0.001100 	 0.108000 	 0.109500 	 0.024400 	 0.003600 	 0.603800 
3208 	 0.049100 	 0.009500 	 0.025100 	 0.001800 	 0.249000 	 0.166500 	 0.008200 	 0.005100 	 7.859600 
3210 	 3.588900 	 0.016200 	 0.072100 	 0.001800 	 0.335300 	 98.953800 	 0.345700 	 0.014700 	 0.649300 
3211 	 0.453800 	 0.041100 	 0.089800 	 0.003300 	 0.750700 	 0.706500 	 0.107200 	 0.021100 	 2.350700 
3218 	 1.577600 	 0.028300 	 0.149700 	 0.005300 	 0.597500 	 0.944600 	 0.087800 	 0.048000 	 8.182200 
3222 	 1.465800 	 0.019800 	 0.033000 	 0.000700 	 0.122800 	 0.338500 	 0.038800 	 0.005800 	 0.493000 
3226 	 0.077000 	 0.007100 	 0.008700 	 0.000700 	 0.081000 	 0.184100 	 0.004900 	 0.002900 	 0.602200 
3229 	 0.250500 	 0.000500 	 0.006100 	 0.000100 	 0.000600 	 0.000008 	 0.000000 	 0.000000 	 0.000000 
3237 	 0.078000 	 0.005200 	 0.006900 	 0.000800 	 0.171500 	 0.487600 	 0.006500 	 0.002900 	 0.435500 
3244 	 0.296700 	 0.015500 	 0.050700 	 0.001400 	 0.144600 	 0.305800 	 0.023200 	 0.009400 	 1.430100 
3245 	 63.357300 	 0.251900 	 2.161400 	 0.015200 	 17.115200 	 0.043200 	 0.014100 	 0.005500 	 0.667100 
3247 	 0.217100 	 0.013900 	 0.022900 	 0.001200 	 0.270700 	 0.245100 	 0.008700 	 0.002800 	 0.265000 
3248 	 0.098100 	 0.005000 	 0.015100 	 0.000700 	 0.115200 	 0.219300 	 0.003500 	 0.002200 	 0.190000 
3249 	 0.627900 	 0.022700 	 0.040300 	 0.002000 	 0.217800 	 1.338500 	 0.017600 	 0.006300 	 0.296800 
3252 	 0.447700 	 0.027400 	 0.054200 	 0.001700 	 0.294500 	 0.318800 	 0.035100 	 0.007700 	 2.581000 
3265 	 1.696700 	 0.012800 	 0.062500 	 0.001800 	 0.223900 	 0.780300 	 0.083300 	 0.033600 	 2.846400 
3267 	 0.919200 	 0.044400 	 0.131700 	 0.003100 	 0.846200 	 0.386900 	 0.076900 	 0.017600 	 1.027100 
3271 	 1.435200 	 0.038100 	 0.105200 	 0.002900 	 1.559400 	 0.873200 	 0.113100 	 0.026100 	 1.480700 
3272 	 0.218200 	 0.033300 	 0.108600 	 0.002900 	 0.436800 	 0.490900 	 0.059800 	 0.016100 	 1.660700 
3275 	 0.065200 	 0.017300 	 0.034000 	 0.002400 	 1.309600 	 0.210200 	 0.011300 	 0.005500 	 4.565800 
3283 	 3.737600 	 0.043700 	 0.150000 	 0.005600 	 1.114100 	 72.740600 	 0.294800 	 0.031000 	 0.792700 
3285 	 0.036000 	 0.005400 	 0.006700 	 0.001100 	 0.188700 	 0.283900 	 0.003500 	 0.001900 	 0.242800 
3291 	 0.491600 	 0.032000 	 0.070500 	 0.002700 	 0.472000 	 0.322700 	 0.082000 	 0.024600 	 2.745500 
3292 	 0.918800 	 0.033100 	 0.097400 	 0.002900 	 1.891700 	 0.170300 	 0.044900 	 0.010000 	 2.577700 
3296 	 0.034700 	 0.009100 	 0.027600 	 0.002400 	 0.517900 	 0.232700 	 0.006100 	 0.005500 	 1.304700 
3299 	 0.060700 	 0.037400 	 0.143600 	 0.017300 	 1.949700 	 0.286300 	 0.064100 	 0.029700 	 6.349300 
3302 	 0.063800 	 0.011100 	 0.026800 	 0.001600 	 0.289000 	 0.156000 	 0.008500 	 0.004500 	 2.668300 
3303 	 0.187500 	 0.024500 	 0.043500 	 0.002900 	 0.357600 	 0.627700 	 0.036800 	 0.023800 	 1.211100 
3308 	 0.436300 	 0.026200 	 0.062800 	 0.003300 	 1.199900 	 1.508100 	 0.037400 	 0.012600 	 0.582100 
3313 	 0.097300 	 0.007100 	 0.011200 	 0.001000 	 0.493000 	 0.341700 	 0.006100 	 0.002900 	 0.303300 
3314 	 0.292900 	 0.022900 	 0.037500 	 0.002000 	 2.243300 	 0.336400 	 0.017400 	 0.005500 	 1.731900 
3315 	 0.364400 	 0.034300 	 0.058100 	 0.003000 	 0.460300 	 0.639800 	 0.031600 	 0.008500 	 0.912100 
3318 	 0.038300 	 0.005400 	 0.006800 	 0.000600 	 0.062000 	 0.106900 	 0.004100 	 0.002200 	 0.582900 
3319 	 0.541100 	 0.023700 	 0.027300 	 0.002200 	 0.630400 	 0.743900 	 0.096100 	 0.021000 	 3.638600 
3320 	 0.039900 	 0.004700 	 0.006000 	 0.000900 	 0.266700 	 0.292800 	 0.002900 	 0.002200 	 0.230300 
3323 	 0.355600 	 0.012200 	 0.017100 	 0.000900 	 0.099100 	 0.377500 	 0.038000 	 0.018900 	 1.647300 
3325 	 0.035900 	 0.008500 	 0.015200 	 0.001700 	 1.191500 	 0.173300 	 0.005100 	 0.003400 	 0.701400 
3326 	 0.209600 	 0.001600 	 0.003900 	 0.000400 	 0.036500 	 0.010000 	 0.002300 	 0.000700 	 0.139800 
3327 	 0.274700 	 0.027700 	 0.049600 	 0.002500 	 0.233100 	 0.886800 	 0.061400 	 0.021000 	 7.331300 
3328 	 0.104900 	 0.004800 	 0.014700 	 0.000900 	 0.152600 	 5.487100 	 0.083300 	 0.011400 	 0.559200 
3330 	 0.006900 	 0.004300 	 0.012800 	 0.001900 	 0.334900 	 0.051800 	 0.002100 	 0.002700 	 0.631600 
3336 	 0.683000 	 0.023100 	 0.052000 	 0.002200 	 0.854200 	 0.134900 	 0.029300 	 0.007600 	 1.670300 
3337 	 0.229900 	 0.030200 	 0.051500 	 0.002200 	 0.217800 	 0.473200 	 0.023600 	 0.004500 	 0.634600 
3338 	 0.021100 	 0.004400 	 0.009300 	 0.000900 	 0.161600 	 0.087900 	 0.003000 	 0.002200 	 1.408300 
3340 	 0.176400 	 0.015800 	 0.028500 	 0.001800 	 0.270200 	 0.493500 	 0.009600 	 0.004800 	 0.777900 
3347 	 0.767100 	 0.006200 	 0.041200 	 0.000500 	 0.011100 	 0.000018 	 0.000000 	 0.000000 	 0.000000 
3349 	 0.198700 	 0.017400 	 0.017600 	 0.002200 	 0.959100 	 0.835400 	 0.009800 	 0.005600 	 0.562600 
3355 	 0.799100 	 0.044300 	 0.176700 	 0.002900 	 0.493500 	 0.554100 	 0.104300 	 0.024800 	 1.195500 
3357 	 0.247300 	 0.012100 	 0.009300 	 0.000800 	 0.122600 	 1.044600 	 0.016800 	 0.006100 	 0.295900 
3362 	 11.807000 	 0.068900 	 0.328900 	 0.005700 	 0.767200 	 0.454600 	 0.027800 	 0.004800 	 0.284700 
3375 	 0.164300 	 0.002400 	 0.005700 	 0.000700 	 0.337400 	 5.723500 	 0.294200 	 0.015000 	 0.235700 
3376 	 0.358500 	 0.025300 	 0.046500 	 0.002100 	 0.232500 	 0.769800 	 0.038600 	 0.009900 	 0.549200 
3380 	 2.126200 	 0.053100 	 0.175800 	 0.003000 	 0.369800 	 0.295000 	 0.049900 	 0.008000 	 0.690400 
3381 	 0.192500 	 0.008200 	 0.032300 	 0.001900 	 0.489600 	 0.465600 	 0.013600 	 0.006000 	 0.485400 
3386 	 2.167600 	 0.020000 	 0.069500 	 0.002200 	 0.864100 	 0.391600 	 0.025600 	 0.011200 	 1.195400 
3389 	 0.314000 	 0.013700 	 0.035500 	 0.001200 	 0.309600 	 0.223500 	 0.016600 	 0.004000 	 1.225200 
3390 	 0.220600 	 0.027600 	 0.065100 	 0.002400 	 0.279000 	 0.249600 	 0.044500 	 0.007500 	 1.258600 
3395 	 15.616500 	 0.039800 	 0.220400 	 0.003800 	 0.592500 	 2059.872300 	 0.885200 	 0.192500 	 1.805300 
3404 	 0.511200 	 0.026000 	 0.060300 	 0.002800 	 4.421400 	 0.761100 	 0.017500 	 0.005600 	 1.129100 
3407 	 0.127300 	 0.012600 	 0.031000 	 0.001300 	 0.170600 	 0.230600 	 0.006800 	 0.002800 	 0.338300 
3408 	 1.291700 	 0.047900 	 0.162600 	 0.002900 	 0.653900 	 0.723000 	 0.086700 	 0.026900 	 1.318400 
3411 	 0.169900 	 0.005100 	 0.017400 	 0.002000 	 0.421100 	 0.010100 	 0.012400 	 0.044800 	 2111.462200 
3417 	 0.206100 	 0.010700 	 0.052300 	 0.003600 	 1.993100 	 4.713500 	 0.173300 	 0.044200 	 4.592900 
3422 	 1.091200 	 0.022800 	 0.045500 	 0.001900 	 0.329500 	 3.727700 	 0.063800 	 0.012900 	 1.964500 
3424 	 0.051600 	 0.009600 	 0.009500 	 0.001400 	 0.506000 	 0.234800 	 0.005800 	 0.004400 	 1.141600 
3425 	 0.403800 	 0.032200 	 0.084600 	 0.002000 	 0.493400 	 0.178400 	 0.037100 	 0.005300 	 1.099100 
3438 	 0.057200 	 0.006400 	 0.028600 	 0.003900 	 0.571600 	 0.093700 	 0.100300 	 0.054700 	 29.411200 
3446 	 1.927900 	 0.088200 	 0.351400 	 0.006800 	 1.108500 	 4.610000 	 0.129000 	 0.033200 	 4.572200 
3456 	 0.352500 	 0.018400 	 0.039900 	 0.001500 	 0.175500 	 0.824300 	 0.042100 	 0.013200 	 2.914800 
3461 	 0.042100 	 0.008600 	 0.023000 	 0.002200 	 1.034500 	 0.336500 	 0.007800 	 0.005300 	 0.504000 
3462 	 0.068500 	 0.010200 	 0.021700 	 0.001000 	 0.110400 	 0.179200 	 0.007400 	 0.002100 	 0.306100 
3465 	 0.435500 	 0.034900 	 0.161200 	 0.003100 	 0.792400 	 0.333400 	 0.038900 	 0.010600 	 3.602500 
3468 	 5.211300 	 0.127400 	 0.432500 	 0.006200 	 12.987600 	 0.469400 	 0.122300 	 0.024800 	 2.355100 
3470 	 2.011600 	 0.037200 	 0.084700 	 0.001800 	 0.239800 	 0.984300 	 0.074800 	 0.017600 	 0.821600 
3473 	 0.324400 	 0.032100 	 0.038800 	 0.002800 	 0.568000 	 0.261600 	 0.057400 	 0.018800 	 1.304700 
3474 	 0.127200 	 0.021100 	 0.039500 	 0.001400 	 0.333400 	 0.167200 	 0.029300 	 0.008700 	 4.486500 
3476 	 1.957700 	 0.015800 	 0.056900 	 0.000100 	 0.005300 	 0.000015 	 0.000000 	 0.000000 	 0.000000 
3478 	 1.656800 	 0.035500 	 0.117600 	 0.002700 	 0.500900 	 0.280300 	 0.059700 	 0.015800 	 2.083200 
3481 	 27.150400 	 0.078300 	 1.054500 	 0.006800 	 1.242100 	 703.674600 	 13.192000 	 0.328000 	 16.986400 
3499 	 0.822500 	 0.039400 	 0.456300 	 0.007300 	 2.807900 	 0.257300 	 0.532300 	 0.163600 	 14.820600 
3500 	 0.858500 	 0.012000 	 0.060600 	 0.002100 	 0.313900 	 0.050000 	 0.012900 	 0.005300 	 0.770400 
3506 	 0.097900 	 0.015200 	 0.021900 	 0.002300 	 0.948200 	 0.516100 	 0.013300 	 0.007000 	 0.693600 
3512 	 0.408300 	 0.058200 	 0.118700 	 0.003300 	 1.707400 	 0.175800 	 0.070300 	 0.015100 	 1.923900 
3514 	 0.099500 	 0.005000 	 0.007000 	 0.000600 	 0.063500 	 0.347600 	 0.003100 	 0.001800 	 0.255100 
3518 	 0.085600 	 0.016300 	 0.034300 	 0.003100 	 4.429100 	 0.252400 	 0.007500 	 0.005200 	 0.786800 
3524 	 0.590100 	 0.068300 	 0.253800 	 0.008200 	 1.688000 	 0.306700 	 0.133400 	 0.039300 	 3.544300 
3529 	 0.186300 	 0.019200 	 0.039200 	 0.002000 	 0.542100 	 0.364000 	 0.011900 	 0.004500 	 0.664400 
3531 	 0.070100 	 0.009100 	 0.016200 	 0.001400 	 0.524200 	 0.320200 	 0.008100 	 0.004400 	 0.893300 
3539 	 0.336400 	 0.007500 	 0.033600 	 0.001100 	 0.141400 	 0.083500 	 0.024800 	 0.006600 	 0.538200 
3542 	 4.530000 	 0.014200 	 0.090200 	 0.000800 	 0.102700 	 0.045000 	 0.005800 	 0.001200 	 0.105800 
3551 	 0.071300 	 0.011500 	 0.015500 	 0.001400 	 0.267200 	 0.246600 	 0.005900 	 0.002500 	 0.406400 
3553 	 0.056500 	 0.010300 	 0.022900 	 0.001600 	 0.244100 	 0.128200 	 0.005900 	 0.003900 	 0.357600 
3558 	 0.333800 	 0.015600 	 0.044100 	 0.002000 	 0.355100 	 0.712900 	 0.017500 	 0.006900 	 0.338300 
3577 	 0.626600 	 0.016200 	 0.053800 	 0.002300 	 0.932300 	 0.756700 	 0.028600 	 0.006200 	 0.428000 
3578 	 0.495900 	 0.061700 	 0.206300 	 0.004300 	 12.529700 	 0.366800 	 0.104800 	 0.019700 	 7.785200 
3583 	 0.100500 	 0.016600 	 0.020400 	 0.001700 	 0.537000 	 0.198000 	 0.006500 	 0.003700 	 3.421300 
3586 	 0.055400 	 0.011800 	 0.022200 	 0.002200 	 0.452400 	 0.229500 	 0.006000 	 0.005200 	 0.538700 
3599 	 0.703800 	 0.026100 	 0.106500 	 0.002500 	 0.347400 	 1.283200 	 0.031100 	 0.015300 	 1.629300 
3602 	 0.202600 	 0.029200 	 0.073500 	 0.002700 	 0.254400 	 0.271400 	 0.036000 	 0.006300 	 0.991000 
3606 	 0.136700 	 0.016200 	 0.033600 	 0.001800 	 0.532600 	 0.218200 	 0.010500 	 0.004300 	 0.313000 
3607 	 0.066300 	 0.004000 	 0.009700 	 0.000400 	 0.073200 	 0.081800 	 0.004300 	 0.001100 	 0.116700 
3610 	 0.053800 	 0.005000 	 0.012200 	 0.000700 	 0.108700 	 0.158600 	 0.003300 	 0.001500 	 0.260900 
3613 	 0.025300 	 0.010400 	 0.020900 	 0.002700 	 0.348500 	 0.074100 	 0.004000 	 0.003200 	 1.589100 
3619 	 0.302700 	 0.068800 	 0.193500 	 0.004800 	 2.812400 	 0.172500 	 0.117100 	 0.013000 	 7.043200 
3628 	 0.073800 	 0.005500 	 0.009200 	 0.000700 	 0.283600 	 0.149900 	 0.003800 	 0.002500 	 2.133400 
3634 	 1.269500 	 0.160500 	 0.610300 	 0.006900 	 3.878500 	 0.424200 	 0.379100 	 0.058200 	 9.875300 
3641 	 0.236700 	 0.018200 	 0.039200 	 0.002100 	 0.330100 	 0.189800 	 0.031700 	 0.012300 	 0.849300 
3646 	 0.509500 	 0.014500 	 0.049500 	 0.001200 	 0.168100 	 0.860700 	 0.035700 	 0.012300 	 2.968400 
3647 	 0.331400 	 0.005600 	 0.027100 	 0.000100 	 0.000700 	 90.330000 	 311.870100 	 5986.562000 	 1900464.875000 
