1000 	 4.640900 	 0.032500 	 0.117400 	 0.004000 	 1.103700 
1001 	 0.640200 	 0.006400 	 0.022600 	 0.001400 	 0.232800 
1005 	 394.364400 	 0.090500 	 0.499800 	 0.004200 	 1.130300 
1009 	 0.288300 	 0.007800 	 0.032600 	 0.002200 	 0.366900 
1011 	 16.876500 	 0.030600 	 0.107700 	 0.002700 	 0.541500 
1012 	 0.270600 	 0.008300 	 0.031300 	 0.003300 	 1.028700 
1013 	 1.775200 	 0.014300 	 0.043900 	 0.002100 	 0.274200 
1015 	 0.392800 	 0.011900 	 0.060900 	 0.003200 	 0.351900 
1016 	 0.266800 	 0.006000 	 0.015600 	 0.002200 	 0.324600 
1017 	 39.004300 	 0.025300 	 0.074500 	 0.001900 	 0.325400 
1018 	 0.816500 	 0.011900 	 0.030400 	 0.002900 	 0.528700 
1019 	 0.888700 	 0.011000 	 0.030700 	 0.001800 	 0.216500 
1020 	 10.119600 	 0.033500 	 0.076900 	 0.002000 	 0.292000 
1021 	 0.213300 	 0.008300 	 0.040400 	 0.003300 	 1.154900 
1024 	 0.538000 	 0.006900 	 0.019100 	 0.001700 	 0.238500 
1025 	 1.229300 	 0.005400 	 0.013500 	 0.000800 	 0.154900 
1026 	 0.279800 	 0.007600 	 0.037600 	 0.002500 	 0.447600 
1027 	 0.127300 	 0.005500 	 0.019700 	 0.002600 	 2.719600 
1028 	 2.768500 	 0.022600 	 0.112800 	 0.003300 	 0.683100 
1030 	 0.699600 	 0.009800 	 0.038300 	 0.001800 	 0.208000 
1032 	 0.247400 	 0.002500 	 0.005800 	 0.000700 	 0.141700 
1034 	 1.950500 	 0.018200 	 0.071700 	 0.002600 	 1.142400 
1036 	 0.177700 	 0.007300 	 0.036200 	 0.002600 	 0.283100 
1038 	 0.084000 	 0.005500 	 0.019300 	 0.003000 	 0.852200 
1039 	 6.367000 	 0.026600 	 0.077800 	 0.002100 	 0.292300 
1040 	 0.493800 	 0.013300 	 0.043600 	 0.002600 	 0.539900 
1041 	 1.678700 	 0.009800 	 0.040900 	 0.001100 	 0.139500 
1042 	 0.445700 	 0.010500 	 0.041900 	 0.002900 	 0.610600 
1043 	 6.850500 	 0.027100 	 0.071700 	 0.003300 	 1.040000 
1044 	 5.781000 	 0.015300 	 0.037700 	 0.001500 	 0.143400 
1047 	 2.718100 	 0.017700 	 0.061100 	 0.002600 	 0.481000 
1048 	 0.292300 	 0.007000 	 0.020500 	 0.001800 	 0.188200 
1050 	 0.129900 	 0.003100 	 0.010600 	 0.001100 	 0.184800 
1051 	 70.928300 	 0.038400 	 0.154800 	 0.002000 	 0.210400 
1053 	 0.106700 	 0.005700 	 0.025900 	 0.002500 	 0.350200 
1057 	 0.233000 	 0.004100 	 0.013000 	 0.001400 	 0.569900 
1058 	 0.250000 	 0.005900 	 0.016100 	 0.002100 	 0.365100 
1059 	 7.214500 	 0.040700 	 0.183800 	 0.004400 	 0.807900 
1061 	 0.052900 	 0.002000 	 0.010300 	 0.000600 	 0.068100 
1066 	 96.592400 	 0.063400 	 0.209100 	 0.002900 	 0.590000 
1067 	 11.490700 	 0.078200 	 0.438600 	 0.006500 	 1.964800 
1069 	 5.163200 	 0.014500 	 0.053500 	 0.001600 	 0.271800 
1071 	 0.143300 	 0.005400 	 0.022800 	 0.002200 	 0.353800 
1075 	 0.149900 	 0.004800 	 0.015100 	 0.002300 	 3.569100 
1076 	 4.941300 	 0.012500 	 0.053800 	 0.001200 	 0.203100 
1079 	 0.119800 	 0.003600 	 0.015700 	 0.001500 	 0.926100 
1080 	 3.304600 	 0.018100 	 0.051100 	 0.002200 	 0.263400 
1082 	 1.379000 	 0.009800 	 0.032400 	 0.001400 	 0.154500 
1083 	 0.274000 	 0.006600 	 0.031600 	 0.001900 	 0.204300 
1084 	 6.001000 	 0.035500 	 0.172400 	 0.003900 	 0.647700 
1088 	 209.665700 	 0.053800 	 0.185000 	 0.002600 	 0.737200 
1089 	 0.564500 	 0.011200 	 0.059400 	 0.002400 	 0.309700 
1090 	 102.628300 	 0.031500 	 0.113800 	 0.001700 	 0.226600 
1094 	 0.229800 	 0.008300 	 0.037500 	 0.003200 	 0.748300 
1099 	 0.145100 	 0.003900 	 0.016400 	 0.001500 	 0.403700 
1101 	 1.544100 	 0.011700 	 0.037700 	 0.001700 	 0.224000 
1102 	 1.813300 	 0.021900 	 0.104400 	 0.003400 	 0.503600 
1103 	 7.835100 	 0.032300 	 0.132100 	 0.003200 	 0.505600 
1107 	 0.085100 	 0.007200 	 0.032400 	 0.004000 	 0.719600 
1109 	 109.844700 	 0.048700 	 0.258200 	 0.002600 	 0.501100 
1111 	 9.234000 	 0.033900 	 0.137200 	 0.003800 	 0.905700 
1112 	 0.582700 	 0.006500 	 0.016600 	 0.001600 	 0.216700 
1114 	 0.171100 	 0.007300 	 0.043100 	 0.002400 	 0.258400 
1118 	 1.065200 	 0.002600 	 0.006300 	 0.000300 	 0.037600 
1120 	 0.311700 	 0.011400 	 0.059900 	 0.003300 	 1.081700 
1122 	 0.566800 	 0.012300 	 0.038300 	 0.003500 	 1.076300 
1123 	 0.252000 	 0.006700 	 0.029400 	 0.002700 	 1.638300 
1124 	 0.524400 	 0.007700 	 0.038600 	 0.002000 	 0.577600 
1125 	 23.865000 	 0.022400 	 0.129100 	 0.001300 	 0.129100 
1126 	 25.681200 	 0.038000 	 0.169200 	 0.003000 	 0.788700 
1128 	 2.333100 	 0.015900 	 0.075500 	 0.002600 	 0.974900 
1130 	 0.174700 	 0.006300 	 0.026500 	 0.002800 	 1.957200 
1132 	 0.440500 	 0.005500 	 0.017100 	 0.001100 	 0.102400 
1135 	 0.479900 	 0.013800 	 0.060900 	 0.004500 	 0.873200 
1136 	 87.120000 	 0.104200 	 0.545000 	 0.005600 	 1.101900 
1137 	 0.203700 	 0.009000 	 0.038700 	 0.003600 	 1.210500 
1138 	 0.183000 	 0.005300 	 0.029300 	 0.001400 	 0.130900 
1139 	 4.936000 	 0.035700 	 0.124100 	 0.005300 	 11.537600 
1140 	 0.161500 	 0.003900 	 0.025500 	 0.001200 	 0.230900 
1142 	 0.282600 	 0.003700 	 0.012800 	 0.001200 	 0.392900 
1143 	 0.097400 	 0.003200 	 0.010000 	 0.001200 	 0.702100 
1144 	 1.135800 	 0.015000 	 0.059300 	 0.003100 	 0.545400 
1147 	 22.755100 	 0.037000 	 0.191400 	 0.002900 	 0.416000 
1149 	 0.090500 	 0.003300 	 0.019100 	 0.001100 	 0.129300 
1150 	 0.391800 	 0.009500 	 0.037600 	 0.003300 	 0.426000 
1151 	 0.865800 	 0.007700 	 0.022100 	 0.001500 	 0.287200 
1155 	 0.198800 	 0.005800 	 0.018600 	 0.001900 	 0.245200 
1159 	 1.811100 	 0.021200 	 0.056200 	 0.003600 	 0.464800 
1163 	 20.715400 	 0.051100 	 0.264500 	 0.003900 	 0.392900 
1164 	 20.230900 	 0.026100 	 0.115400 	 0.002000 	 0.310700 
1165 	 4.886900 	 0.026000 	 0.142300 	 0.003200 	 0.852900 
1166 	 16.415000 	 0.014400 	 0.062000 	 0.000900 	 0.114900 
1167 	 0.067200 	 0.007300 	 0.019800 	 0.004600 	 0.640000 
1169 	 0.138600 	 0.003400 	 0.016000 	 0.001200 	 0.237900 
1171 	 0.062700 	 0.002800 	 0.012200 	 0.001300 	 0.445900 
1178 	 42.397000 	 0.076700 	 0.495100 	 0.003500 	 0.972200 
1181 	 1.376700 	 0.020100 	 0.070000 	 0.004100 	 0.898500 
1184 	 91.398400 	 0.044300 	 0.172600 	 0.002500 	 0.308100 
1189 	 238.567000 	 0.043100 	 0.148300 	 0.001900 	 0.277500 
1194 	 0.130000 	 0.001800 	 0.005800 	 0.000600 	 0.121700 
1196 	 2.515100 	 0.028500 	 0.144400 	 0.004000 	 0.437800 
1198 	 0.133600 	 0.011300 	 0.051100 	 0.005000 	 3.795200 
1199 	 0.071200 	 0.008600 	 0.060900 	 0.004000 	 0.480700 
1201 	 0.216600 	 0.001500 	 0.005300 	 0.000400 	 0.108000 
1202 	 0.658300 	 0.012800 	 0.060100 	 0.003200 	 0.674800 
1203 	 7.004900 	 0.042200 	 0.200700 	 0.004400 	 0.847300 
1204 	 0.245300 	 0.004800 	 0.018400 	 0.001400 	 0.169400 
1206 	 0.442500 	 0.022900 	 0.124600 	 0.007800 	 2.238900 
1208 	 0.444600 	 0.022100 	 0.119900 	 0.005400 	 3.058200 
1211 	 4.715100 	 0.035800 	 0.138700 	 0.004500 	 0.801300 
1212 	 2.817300 	 0.020400 	 0.067200 	 0.003200 	 0.631600 
1216 	 23.563600 	 0.041100 	 0.197100 	 0.003500 	 0.498500 
1220 	 0.075200 	 0.006000 	 0.024400 	 0.003100 	 0.400700 
1221 	 0.416300 	 0.008100 	 0.022700 	 0.002400 	 0.349200 
1223 	 0.260800 	 0.008800 	 0.039100 	 0.002400 	 0.420600 
1228 	 0.603200 	 0.011700 	 0.055100 	 0.003000 	 2.592600 
1230 	 1.215900 	 0.017600 	 0.076200 	 0.002700 	 0.299600 
1231 	 0.640300 	 0.014200 	 0.048400 	 0.004300 	 1.871200 
1233 	 0.169400 	 0.003300 	 0.010700 	 0.001200 	 0.167800 
1239 	 0.155400 	 0.006200 	 0.023200 	 0.002300 	 0.249900 
1241 	 0.318000 	 0.008700 	 0.040600 	 0.002200 	 0.389200 
1243 	 0.365900 	 0.005500 	 0.027100 	 0.001200 	 0.165900 
1255 	 1.794900 	 0.030000 	 0.147800 	 0.006200 	 13.734000 
1259 	 0.186200 	 0.003000 	 0.011600 	 0.000800 	 0.088800 
1261 	 1.863200 	 0.031300 	 0.133600 	 0.005600 	 0.930000 
1264 	 0.682400 	 0.015900 	 0.079300 	 0.003600 	 0.392100 
1266 	 0.237000 	 0.007600 	 0.042500 	 0.002500 	 0.456700 
1267 	 3.301400 	 0.022500 	 0.077300 	 0.003200 	 0.715700 
1269 	 0.218200 	 0.005500 	 0.030200 	 0.001900 	 1.266300 
1274 	 0.363000 	 0.007900 	 0.037800 	 0.002400 	 0.542400 
1275 	 0.271300 	 0.006100 	 0.027200 	 0.001900 	 0.380700 
1276 	 0.295900 	 0.009800 	 0.041700 	 0.002700 	 0.493700 
1277 	 0.099600 	 0.002100 	 0.007300 	 0.000700 	 0.087000 
1280 	 5.031000 	 0.053700 	 0.378500 	 0.006300 	 0.850800 
1283 	 10.111500 	 0.024900 	 0.085300 	 0.002000 	 0.252600 
1285 	 0.216100 	 0.006200 	 0.024200 	 0.002500 	 0.945300 
1289 	 0.618200 	 0.016000 	 0.103300 	 0.003200 	 0.442400 
1297 	 0.111400 	 0.003900 	 0.018800 	 0.001700 	 0.916900 
1300 	 0.524200 	 0.010700 	 0.039500 	 0.003100 	 1.129000 
1312 	 0.050000 	 0.003000 	 0.007200 	 0.001600 	 0.591900 
1313 	 0.414400 	 0.012600 	 0.036900 	 0.004100 	 0.376700 
1315 	 2.986100 	 0.023900 	 0.156200 	 0.003100 	 0.476400 
1316 	 0.278600 	 0.010000 	 0.035600 	 0.003400 	 0.266200 
1325 	 0.270000 	 0.008800 	 0.036000 	 0.002900 	 0.316300 
1327 	 0.876100 	 0.014500 	 0.106400 	 0.002400 	 0.296600 
1332 	 0.083300 	 0.004800 	 0.021800 	 0.001700 	 0.164100 
1341 	 3.479400 	 0.020500 	 0.102800 	 0.002700 	 0.449700 
1344 	 0.078800 	 0.006200 	 0.039300 	 0.002500 	 0.238700 
1351 	 7.405000 	 0.021200 	 0.103900 	 0.001900 	 0.204000 
1355 	 0.820400 	 0.007400 	 0.016000 	 0.001600 	 0.315600 
1356 	 1.259900 	 0.004900 	 0.012300 	 0.000700 	 0.111200 
1357 	 2.264500 	 0.014900 	 0.054100 	 0.001900 	 0.189500 
1364 	 0.132600 	 0.005500 	 0.035300 	 0.002100 	 0.360300 
1366 	 7.192500 	 0.038800 	 0.183400 	 0.004500 	 1.260400 
1368 	 1.369200 	 0.008900 	 0.026200 	 0.001500 	 0.595600 
1372 	 5.032000 	 0.027700 	 0.088600 	 0.003500 	 0.357700 
1384 	 0.283200 	 0.006800 	 0.037800 	 0.002200 	 0.609000 
1389 	 0.929700 	 0.022600 	 0.100200 	 0.004900 	 1.269100 
1401 	 1.358400 	 0.013200 	 0.044600 	 0.002100 	 0.206700 
1404 	 3.392400 	 0.040300 	 0.294100 	 0.005200 	 0.635800 
1412 	 14.811300 	 0.050200 	 0.274000 	 0.005400 	 4.043900 
1415 	 0.095300 	 0.003400 	 0.013500 	 0.001400 	 0.347500 
1416 	 0.554500 	 0.004000 	 0.014300 	 0.000600 	 0.067100 
1417 	 0.722400 	 0.030800 	 0.151200 	 0.008200 	 1.242700 
1418 	 0.307600 	 0.003100 	 0.009700 	 0.000800 	 0.139000 
1429 	 0.932500 	 0.005700 	 0.021600 	 0.000800 	 0.101800 
1431 	 1.420300 	 0.015800 	 0.061300 	 0.002800 	 0.354100 
1433 	 3.039200 	 0.027300 	 0.144900 	 0.003800 	 0.895000 
1449 	 0.420100 	 0.003400 	 0.009300 	 0.000700 	 0.096300 
1456 	 3.427200 	 0.041500 	 0.181100 	 0.006800 	 1.304600 
1457 	 2.010400 	 0.017600 	 0.086700 	 0.002800 	 2.801600 
1460 	 0.190700 	 0.008700 	 0.046400 	 0.002900 	 0.360500 
1465 	 1.617500 	 0.014900 	 0.072300 	 0.002400 	 0.598400 
1470 	 0.492100 	 0.011700 	 0.057300 	 0.002600 	 0.442300 
1471 	 0.454100 	 0.010500 	 0.036300 	 0.003000 	 0.483300 
1480 	 3.570300 	 0.026300 	 0.119800 	 0.002500 	 0.610600 
1482 	 32.302100 	 0.029400 	 0.126100 	 0.002000 	 0.248300 
2000 	 9.526400 	 0.026200 	 0.122300 	 0.002000 	 0.201300 
2001 	 5.336500 	 0.009100 	 0.022300 	 0.000800 	 0.104400 
2002 	 3.171300 	 0.015400 	 0.054400 	 0.002100 	 0.698300 
2005 	 0.148000 	 0.002600 	 0.005500 	 0.001200 	 0.442200 
2007 	 0.271300 	 0.007500 	 0.025300 	 0.002800 	 0.590400 
2009 	 0.141600 	 0.003200 	 0.010300 	 0.001200 	 0.225000 
2010 	 10.176800 	 0.020400 	 0.094500 	 0.001700 	 0.166000 
2013 	 0.107500 	 0.001700 	 0.002300 	 0.000800 	 0.185000 
2015 	 0.764300 	 0.007900 	 0.020300 	 0.001800 	 0.419100 
2016 	 0.235000 	 0.002900 	 0.008400 	 0.001000 	 0.333100 
2017 	 0.397800 	 0.009600 	 0.028300 	 0.003200 	 0.535200 
2018 	 0.403700 	 0.004200 	 0.010400 	 0.001200 	 0.250200 
2019 	 3.393800 	 0.029400 	 0.132000 	 0.003800 	 1.009400 
2020 	 51.620400 	 0.027400 	 0.114100 	 0.001800 	 0.265200 
2024 	 0.131500 	 0.004700 	 0.016400 	 0.001600 	 0.180900 
2026 	 0.917200 	 0.005300 	 0.010400 	 0.001000 	 0.186800 
2028 	 0.162600 	 0.006500 	 0.027100 	 0.002700 	 1.592400 
2029 	 5.689600 	 0.017600 	 0.073800 	 0.001900 	 0.279400 
2030 	 0.423900 	 0.003700 	 0.008300 	 0.000900 	 0.174800 
2031 	 0.173100 	 0.002600 	 0.007900 	 0.000900 	 0.176200 
2032 	 0.202600 	 0.004500 	 0.011000 	 0.001600 	 0.546500 
2034 	 0.141200 	 0.003900 	 0.015700 	 0.001600 	 0.467600 
2035 	 0.752900 	 0.008900 	 0.043100 	 0.001800 	 0.365100 
2039 	 0.658100 	 0.008300 	 0.027900 	 0.002000 	 0.687700 
2040 	 0.193100 	 0.002700 	 0.008400 	 0.000700 	 0.103600 
2042 	 0.213400 	 0.005600 	 0.025100 	 0.001700 	 0.172400 
2043 	 1.818500 	 0.029500 	 0.086700 	 0.006000 	 0.775900 
2047 	 0.137800 	 0.002300 	 0.005600 	 0.000900 	 0.160500 
2049 	 4.672800 	 0.021000 	 0.056800 	 0.002300 	 0.294400 
2050 	 55.844400 	 0.028700 	 0.096000 	 0.001800 	 0.631000 
2052 	 2.115200 	 0.013800 	 0.038300 	 0.001700 	 0.156300 
2055 	 0.357300 	 0.012400 	 0.046700 	 0.003600 	 0.310400 
2057 	 1.216300 	 0.011500 	 0.049200 	 0.001900 	 0.253300 
2058 	 2.426400 	 0.025200 	 0.145200 	 0.004000 	 0.523300 
2061 	 0.113100 	 0.004200 	 0.016200 	 0.001800 	 0.269200 
2062 	 4.329700 	 0.048700 	 0.249700 	 0.007300 	 2.032200 
2064 	 45.230500 	 0.044200 	 0.194000 	 0.003100 	 0.592700 
2069 	 0.171100 	 0.004700 	 0.019500 	 0.001400 	 0.229000 
2070 	 0.689800 	 0.012200 	 0.051200 	 0.003000 	 0.468700 
2071 	 0.197200 	 0.006100 	 0.019400 	 0.002400 	 0.361400 
2072 	 0.220300 	 0.004400 	 0.018200 	 0.001300 	 0.183100 
2073 	 2.757400 	 0.007300 	 0.026800 	 0.000700 	 0.074100 
2074 	 4.612000 	 0.040000 	 0.240300 	 0.004900 	 0.733300 
2075 	 0.576600 	 0.012600 	 0.034400 	 0.003200 	 0.340900 
2078 	 4.170100 	 0.019700 	 0.096800 	 0.002600 	 0.492700 
2079 	 0.111600 	 0.002700 	 0.008500 	 0.001000 	 0.158600 
2080 	 11.514100 	 0.043300 	 0.257300 	 0.004100 	 1.304300 
2081 	 0.095400 	 0.005200 	 0.023000 	 0.002600 	 6.140900 
2082 	 0.399100 	 0.006500 	 0.029600 	 0.002100 	 4.520600 
2083 	 1.397400 	 0.027700 	 0.151600 	 0.006300 	 2.800800 
2084 	 0.275000 	 0.006400 	 0.020700 	 0.002100 	 0.240400 
2085 	 0.120100 	 0.007900 	 0.037000 	 0.004000 	 0.597300 
2086 	 3.126200 	 0.031700 	 0.144000 	 0.004000 	 0.646100 
2093 	 0.178600 	 0.004700 	 0.018700 	 0.001400 	 0.161600 
2097 	 3.510600 	 0.024900 	 0.138100 	 0.002600 	 0.298400 
2099 	 0.218100 	 0.012300 	 0.070400 	 0.004500 	 0.500400 
2102 	 0.329200 	 0.018600 	 0.095500 	 0.006100 	 0.723000 
2106 	 0.322200 	 0.005100 	 0.018500 	 0.001400 	 0.137800 
2111 	 2.009400 	 0.023300 	 0.080200 	 0.003600 	 0.424300 
2112 	 1.184500 	 0.015000 	 0.035400 	 0.003000 	 0.559200 
2117 	 8.631500 	 0.027400 	 0.168700 	 0.002600 	 0.334500 
2119 	 0.105200 	 0.006100 	 0.025000 	 0.002800 	 0.437400 
2120 	 0.528900 	 0.005400 	 0.022200 	 0.001300 	 0.249000 
2121 	 0.357700 	 0.013700 	 0.065100 	 0.004300 	 0.519300 
2122 	 0.310100 	 0.014200 	 0.068500 	 0.003900 	 0.291900 
2126 	 1.352500 	 0.017900 	 0.090900 	 0.003100 	 0.379400 
2127 	 165.110900 	 0.062600 	 0.222900 	 0.002900 	 0.341400 
2139 	 0.115500 	 0.006400 	 0.017700 	 0.004600 	 3.171400 
2141 	 0.342800 	 0.004700 	 0.019100 	 0.001300 	 0.165400 
2144 	 0.263200 	 0.006800 	 0.021300 	 0.002500 	 0.370400 
2149 	 2.267600 	 0.019600 	 0.089400 	 0.003100 	 0.774600 
2150 	 0.499000 	 0.006100 	 0.022900 	 0.001400 	 0.374600 
2156 	 0.254900 	 0.006000 	 0.024700 	 0.001600 	 0.207300 
2159 	 0.261300 	 0.007400 	 0.036600 	 0.002600 	 1.217900 
2163 	 0.357800 	 0.006300 	 0.027600 	 0.001500 	 0.171800 
2164 	 0.226600 	 0.009600 	 0.034800 	 0.003500 	 1.270500 
2167 	 0.073000 	 0.001800 	 0.007500 	 0.000600 	 0.070700 
2169 	 0.359300 	 0.004900 	 0.013400 	 0.001300 	 0.240100 
2173 	 0.230900 	 0.003600 	 0.011800 	 0.001000 	 0.120600 
2176 	 0.971500 	 0.020100 	 0.076700 	 0.003400 	 0.332100 
2179 	 0.068400 	 0.003500 	 0.020900 	 0.001100 	 0.089400 
2181 	 0.222700 	 0.012000 	 0.065000 	 0.004600 	 0.572900 
2184 	 0.706100 	 0.012100 	 0.053800 	 0.003300 	 0.593900 
2192 	 91.043700 	 0.082700 	 0.453900 	 0.004100 	 0.404900 
2193 	 0.193800 	 0.020600 	 0.123300 	 0.009600 	 2.802500 
2196 	 0.970900 	 0.020000 	 0.113300 	 0.004500 	 0.595200 
2203 	 1.574100 	 0.014300 	 0.079500 	 0.002200 	 0.328100 
2211 	 0.164900 	 0.002000 	 0.007400 	 0.000600 	 0.073300 
2214 	 0.165900 	 0.009500 	 0.046900 	 0.003800 	 0.503100 
2215 	 0.151700 	 0.004500 	 0.022400 	 0.001300 	 0.167000 
2216 	 0.213700 	 0.010100 	 0.053500 	 0.004100 	 0.795000 
2217 	 257.073000 	 0.115900 	 0.525800 	 0.004600 	 0.735000 
3000 	 0.497200 	 0.010500 	 0.035100 	 0.002700 	 0.513400 
3001 	 0.147600 	 0.006100 	 0.030700 	 0.002700 	 1.070900 
3002 	 0.352600 	 0.005300 	 0.018100 	 0.001500 	 0.553500 
3003 	 15.577900 	 0.024200 	 0.140900 	 0.002200 	 0.309900 
3004 	 1.334400 	 0.008500 	 0.023700 	 0.001600 	 0.331100 
3005 	 2.010600 	 0.015200 	 0.037200 	 0.002400 	 0.310400 
3007 	 0.085800 	 0.003800 	 0.015600 	 0.001800 	 0.523700 
3008 	 0.649700 	 0.014100 	 0.072100 	 0.004100 	 2.645900 
3009 	 0.290200 	 0.011100 	 0.049000 	 0.002500 	 0.389500 
3011 	 5.673000 	 0.026700 	 0.077000 	 0.003700 	 0.528500 
3012 	 0.444200 	 0.007000 	 0.013000 	 0.001800 	 0.297900 
3013 	 0.271300 	 0.008900 	 0.036200 	 0.003100 	 1.366900 
3014 	 0.521100 	 0.010100 	 0.041000 	 0.003400 	 2.055300 
3016 	 0.547500 	 0.004500 	 0.011300 	 0.001000 	 0.138300 
3017 	 391.023100 	 0.096400 	 0.588900 	 0.003800 	 0.444500 
3018 	 0.770900 	 0.007100 	 0.026100 	 0.001300 	 0.171200 
3019 	 0.164700 	 0.005500 	 0.028300 	 0.002300 	 1.373700 
3020 	 23.026700 	 0.027600 	 0.121100 	 0.002200 	 0.511000 
3023 	 9.833000 	 0.034900 	 0.139500 	 0.003800 	 9.701600 
3025 	 0.101600 	 0.001800 	 0.005600 	 0.000700 	 0.101400 
3027 	 0.162800 	 0.002800 	 0.006000 	 0.000900 	 0.119600 
3028 	 10.761000 	 0.016800 	 0.055800 	 0.001700 	 0.596900 
3029 	 2.418200 	 0.011500 	 0.038400 	 0.001400 	 0.191100 
3030 	 14.715300 	 0.020600 	 0.131800 	 0.001500 	 0.275900 
3031 	 0.088600 	 0.001100 	 0.001700 	 0.000500 	 0.079900 
3032 	 0.081600 	 0.002100 	 0.006900 	 0.000800 	 0.141300 
3033 	 7.736400 	 0.015500 	 0.051300 	 0.001400 	 0.175100 
3034 	 3.110300 	 0.032100 	 0.177600 	 0.004100 	 0.645400 
3035 	 11.250700 	 0.049900 	 0.316900 	 0.003900 	 0.375200 
3036 	 2.008600 	 0.022800 	 0.086700 	 0.003900 	 1.897600 
3038 	 0.594600 	 0.011000 	 0.046500 	 0.002900 	 1.546000 
3041 	 4.653600 	 0.023300 	 0.107700 	 0.002500 	 0.483400 
3042 	 0.229300 	 0.003900 	 0.014000 	 0.001300 	 0.188800 
3043 	 0.131700 	 0.003400 	 0.007900 	 0.001600 	 0.301200 
3044 	 0.120500 	 0.003400 	 0.012800 	 0.001100 	 0.143600 
3045 	 2.645500 	 0.014300 	 0.068500 	 0.001800 	 0.407600 
3046 	 0.716000 	 0.021100 	 0.163700 	 0.004400 	 1.033100 
3048 	 0.860000 	 0.012200 	 0.045900 	 0.002800 	 4.434000 
3050 	 1.695100 	 0.009500 	 0.035100 	 0.001300 	 0.136000 
3051 	 0.220800 	 0.001400 	 0.005200 	 0.000300 	 0.035900 
3052 	 0.255900 	 0.005400 	 0.018800 	 0.002000 	 0.914600 
3054 	 0.158500 	 0.003400 	 0.011800 	 0.001000 	 0.108300 
3055 	 31.206700 	 0.043700 	 0.157700 	 0.003200 	 0.575000 
3056 	 0.265100 	 0.003000 	 0.011400 	 0.000900 	 0.144200 
3057 	 0.233900 	 0.004000 	 0.013400 	 0.001300 	 0.172900 
3058 	 2.455600 	 0.029400 	 0.223400 	 0.003400 	 0.385700 
3059 	 0.509700 	 0.007800 	 0.022000 	 0.002100 	 0.461800 
3062 	 0.195200 	 0.006900 	 0.029600 	 0.002900 	 1.309700 
3065 	 1.551400 	 0.016800 	 0.078600 	 0.002600 	 0.736200 
3066 	 0.603800 	 0.005900 	 0.020200 	 0.001200 	 0.207300 
3069 	 0.121800 	 0.003600 	 0.012300 	 0.001100 	 0.110500 
3071 	 26.036400 	 0.070500 	 0.851700 	 0.004600 	 1.396500 
3073 	 0.024800 	 0.006800 	 0.051900 	 0.008600 	 0.556400 
3074 	 9.695600 	 0.030300 	 0.154400 	 0.003000 	 6.225900 
3075 	 0.318800 	 0.005800 	 0.032900 	 0.001700 	 0.225000 
3078 	 0.423900 	 0.008100 	 0.033300 	 0.002100 	 0.283100 
3079 	 0.798600 	 0.007800 	 0.028500 	 0.001700 	 0.422100 
3080 	 0.555900 	 0.006700 	 0.020900 	 0.001500 	 0.216300 
3083 	 2.308000 	 0.015300 	 0.086400 	 0.002000 	 0.563800 
3084 	 3.459300 	 0.025400 	 0.053500 	 0.003900 	 0.884900 
3087 	 0.341700 	 0.011400 	 0.060000 	 0.003300 	 0.628200 
3088 	 0.051000 	 0.001800 	 0.004600 	 0.001000 	 0.341700 
3090 	 4.355500 	 0.021900 	 0.099800 	 0.002800 	 0.930700 
3091 	 20.103000 	 0.012200 	 0.035900 	 0.001300 	 0.647600 
3092 	 49.647400 	 0.039700 	 0.156100 	 0.003000 	 0.503100 
3093 	 1.043500 	 0.015100 	 0.068600 	 0.003300 	 1.073000 
3094 	 0.125000 	 0.004100 	 0.011700 	 0.001900 	 0.394200 
3096 	 0.581200 	 0.005900 	 0.019500 	 0.001200 	 0.167200 
3097 	 357.099200 	 0.094100 	 0.329500 	 0.003600 	 0.542000 
3100 	 4.930100 	 0.011900 	 0.045700 	 0.001300 	 0.255300 
3101 	 1.370000 	 0.006700 	 0.026200 	 0.001000 	 0.169100 
3103 	 0.073000 	 0.003600 	 0.016600 	 0.001400 	 0.169200 
3104 	 0.370600 	 0.009400 	 0.042500 	 0.003200 	 0.822300 
3105 	 0.206400 	 0.004900 	 0.015000 	 0.001600 	 0.856200 
3106 	 1218.799700 	 0.076900 	 0.421200 	 0.002900 	 1.078300 
3110 	 0.192600 	 0.008100 	 0.025000 	 0.003300 	 0.397500 
3113 	 0.191700 	 0.004300 	 0.015600 	 0.001500 	 0.291100 
3114 	 6.492400 	 0.045900 	 0.265400 	 0.004000 	 0.561600 
3115 	 0.237100 	 0.002800 	 0.009000 	 0.000900 	 0.335000 
3117 	 0.069500 	 0.002400 	 0.008800 	 0.000900 	 0.166400 
3120 	 32.842600 	 0.033800 	 0.139400 	 0.002400 	 0.621800 
3121 	 0.154600 	 0.005900 	 0.023300 	 0.002700 	 11.499000 
3122 	 0.129100 	 0.003300 	 0.011400 	 0.001200 	 0.149600 
3127 	 0.581200 	 0.009400 	 0.035600 	 0.002100 	 0.285200 
3128 	 0.363000 	 0.005500 	 0.018400 	 0.001400 	 0.193900 
3134 	 16.396400 	 0.062800 	 0.328400 	 0.004500 	 1.009800 
3135 	 0.707500 	 0.008900 	 0.032400 	 0.001800 	 0.205700 
3138 	 0.444300 	 0.005100 	 0.022500 	 0.001200 	 0.240000 
3140 	 0.167700 	 0.002900 	 0.008300 	 0.001100 	 0.190600 
3143 	 1.979600 	 0.007100 	 0.030400 	 0.000800 	 0.100400 
3144 	 0.099600 	 0.003000 	 0.007700 	 0.001500 	 2.321100 
3146 	 0.227500 	 0.003600 	 0.015600 	 0.001100 	 0.220000 
3147 	 0.064600 	 0.002100 	 0.005700 	 0.000800 	 0.084700 
3148 	 0.205100 	 0.007100 	 0.031500 	 0.002800 	 0.780200 
3149 	 0.120600 	 0.002000 	 0.005300 	 0.000700 	 0.094600 
3152 	 0.566500 	 0.002700 	 0.007400 	 0.000500 	 0.081700 
3154 	 0.448900 	 0.009700 	 0.042100 	 0.002600 	 1.244200 
3155 	 1.755700 	 0.014600 	 0.039700 	 0.002400 	 0.379800 
3156 	 0.379400 	 0.014300 	 0.063600 	 0.003800 	 0.895400 
3157 	 0.103900 	 0.003400 	 0.011100 	 0.001400 	 0.435400 
3159 	 0.519000 	 0.007400 	 0.020700 	 0.001600 	 0.314600 
3160 	 0.211900 	 0.004300 	 0.020000 	 0.001200 	 0.136200 
3164 	 133.213000 	 0.043900 	 0.168500 	 0.002200 	 0.323900 
3166 	 0.201300 	 0.002400 	 0.008100 	 0.000600 	 0.096200 
3167 	 0.653200 	 0.006500 	 0.018400 	 0.001300 	 0.188300 
3168 	 5.144200 	 0.040500 	 0.128900 	 0.005800 	 1.586100 
3169 	 0.340400 	 0.015600 	 0.094500 	 0.003600 	 0.301200 
3171 	 0.511200 	 0.006600 	 0.018700 	 0.001600 	 0.225600 
3173 	 1.347800 	 0.013400 	 0.033600 	 0.002700 	 0.418600 
3174 	 5.646200 	 0.010700 	 0.040000 	 0.000800 	 0.082800 
3176 	 0.387800 	 0.006400 	 0.019400 	 0.001700 	 0.208800 
3177 	 0.063700 	 0.002300 	 0.007700 	 0.000900 	 0.106400 
3180 	 0.131700 	 0.002400 	 0.005800 	 0.001100 	 0.131100 
3181 	 13.569500 	 0.043100 	 0.291200 	 0.002800 	 0.280600 
3182 	 0.309000 	 0.005300 	 0.020100 	 0.001700 	 0.233100 
3183 	 0.662500 	 0.012900 	 0.044500 	 0.003100 	 0.419400 
3185 	 17.233700 	 0.050900 	 0.220000 	 0.004300 	 0.797700 
3186 	 0.985300 	 0.009700 	 0.045600 	 0.001600 	 0.205600 
3189 	 0.469700 	 0.010900 	 0.042400 	 0.003100 	 0.898400 
3195 	 0.115600 	 0.004200 	 0.015600 	 0.001700 	 0.351700 
3196 	 0.109600 	 0.002700 	 0.006900 	 0.001100 	 0.365500 
3201 	 0.231100 	 0.013300 	 0.070400 	 0.004300 	 1.049000 
3203 	 2.943600 	 0.020100 	 0.093000 	 0.002800 	 0.587600 
3205 	 0.426700 	 0.005200 	 0.021200 	 0.001600 	 0.873400 
3206 	 0.601800 	 0.015200 	 0.071100 	 0.004000 	 0.594000 
3207 	 0.148500 	 0.003500 	 0.016300 	 0.001000 	 0.109700 
3208 	 0.235800 	 0.006200 	 0.032000 	 0.002000 	 0.260200 
3210 	 5.795900 	 0.017300 	 0.080000 	 0.001800 	 0.313600 
3211 	 0.214400 	 0.007900 	 0.036900 	 0.003100 	 0.668000 
3212 	 11.170700 	 0.048700 	 0.160500 	 0.003600 	 0.535700 
3218 	 2.051600 	 0.032400 	 0.175300 	 0.005300 	 0.588800 
3222 	 0.728600 	 0.004200 	 0.011400 	 0.000700 	 0.106400 
3226 	 0.104600 	 0.002200 	 0.007400 	 0.000700 	 0.081200 
3229 	 2.872700 	 0.013100 	 0.044900 	 0.001700 	 0.318800 
3237 	 0.083200 	 0.002000 	 0.005700 	 0.000800 	 0.166700 
3244 	 0.496700 	 0.006600 	 0.033500 	 0.001400 	 0.196700 
3245 	 0.085700 	 0.007300 	 0.025800 	 0.003100 	 0.445300 
3247 	 0.651200 	 0.005800 	 0.016500 	 0.001200 	 0.203900 
3248 	 4.138800 	 0.009200 	 0.041800 	 0.001000 	 0.163600 
3249 	 1.244500 	 0.010800 	 0.034800 	 0.001800 	 0.211400 
3252 	 0.308800 	 0.005700 	 0.021700 	 0.001600 	 0.288400 
3265 	 1.868700 	 0.012500 	 0.063200 	 0.001800 	 0.225800 
3267 	 0.770700 	 0.012700 	 0.057300 	 0.002800 	 0.555100 
3271 	 0.807000 	 0.011500 	 0.049700 	 0.002700 	 0.862200 
3272 	 0.131300 	 0.007500 	 0.050600 	 0.002700 	 0.375500 
3275 	 0.115300 	 0.005500 	 0.028200 	 0.002700 	 1.224800 
3280 	 0.781300 	 0.016300 	 0.076800 	 0.003500 	 0.853400 
3283 	 7.077300 	 0.047700 	 0.166700 	 0.005500 	 1.039900 
3285 	 0.194200 	 0.004300 	 0.012200 	 0.001500 	 0.170700 
3287 	 4.812000 	 0.029800 	 0.109700 	 0.002900 	 0.483300 
3291 	 0.214300 	 0.007600 	 0.033500 	 0.002700 	 0.581000 
3292 	 0.376400 	 0.007300 	 0.028100 	 0.002000 	 1.207000 
3296 	 0.518200 	 0.010400 	 0.054300 	 0.002900 	 0.480000 
3299 	 0.245700 	 0.027100 	 0.068500 	 0.007800 	 3.303800 
3302 	 0.223000 	 0.005600 	 0.030700 	 0.001700 	 0.277600 
3303 	 0.146000 	 0.007300 	 0.026900 	 0.003300 	 0.475600 
3308 	 0.747000 	 0.012600 	 0.049400 	 0.003100 	 0.631700 
3313 	 0.192200 	 0.003100 	 0.010400 	 0.001100 	 0.334300 
3314 	 0.538500 	 0.007800 	 0.022300 	 0.002200 	 2.104200 
3315 	 0.331400 	 0.007900 	 0.030700 	 0.002800 	 0.470300 
3318 	 0.067900 	 0.002200 	 0.008200 	 0.000700 	 0.064900 
3319 	 0.204600 	 0.005400 	 0.014800 	 0.002100 	 0.605200 
3320 	 0.224100 	 0.003200 	 0.010200 	 0.001100 	 0.243400 
3323 	 0.183100 	 0.003300 	 0.011000 	 0.000900 	 0.104400 
3325 	 0.146500 	 0.004600 	 0.020400 	 0.001900 	 0.900600 
3326 	 0.042900 	 0.000800 	 0.001500 	 0.000300 	 0.032900 
3327 	 0.151300 	 0.007200 	 0.029600 	 0.002500 	 0.236800 
3328 	 0.098000 	 0.002900 	 0.012100 	 0.001000 	 0.154300 
3330 	 0.417000 	 0.009000 	 0.042800 	 0.002300 	 0.593100 
3336 	 0.252100 	 0.005100 	 0.016600 	 0.001600 	 0.521400 
3337 	 0.277900 	 0.007600 	 0.031400 	 0.002000 	 0.190900 
3338 	 0.107800 	 0.003000 	 0.014300 	 0.001100 	 0.178600 
3340 	 0.358800 	 0.006200 	 0.022700 	 0.001700 	 0.237800 
3347 	 3.585700 	 0.031800 	 0.136700 	 0.004700 	 1.179600 
3349 	 0.308400 	 0.006300 	 0.014800 	 0.002400 	 0.533300 
3354 	 4.163900 	 0.030900 	 0.129500 	 0.003800 	 0.546600 
3355 	 0.541500 	 0.012000 	 0.075000 	 0.002700 	 0.366800 
3357 	 0.110700 	 0.002000 	 0.004300 	 0.000800 	 0.125700 
3362 	 12.072100 	 0.037100 	 0.169500 	 0.003200 	 0.303100 
3369 	 1.817100 	 0.015800 	 0.071400 	 0.002200 	 0.581400 
3372 	 2.069500 	 0.030300 	 0.181900 	 0.004200 	 0.373300 
3375 	 0.169000 	 0.002200 	 0.005600 	 0.000800 	 0.489300 
3376 	 0.311900 	 0.006400 	 0.026500 	 0.001900 	 0.231700 
3380 	 2.519500 	 0.023200 	 0.097700 	 0.002700 	 0.255300 
3381 	 0.532600 	 0.007200 	 0.037500 	 0.001900 	 0.593200 
3386 	 8.518600 	 0.022900 	 0.089500 	 0.002200 	 0.545200 
3389 	 0.731300 	 0.006000 	 0.024300 	 0.001200 	 0.282100 
3390 	 0.182400 	 0.006100 	 0.032300 	 0.002200 	 0.313900 
3395 	 12.651900 	 0.036000 	 0.214500 	 0.003800 	 0.604300 
3404 	 7.310200 	 0.023500 	 0.092200 	 0.002900 	 1.551200 
3407 	 0.849800 	 0.007700 	 0.033000 	 0.001200 	 0.142600 
3408 	 1.171200 	 0.015300 	 0.079100 	 0.002800 	 0.507400 
3411 	 0.164300 	 0.005400 	 0.017400 	 0.002100 	 0.321600 
3417 	 0.206900 	 0.010200 	 0.051900 	 0.003700 	 1.961700 
3422 	 1.034200 	 0.010000 	 0.032600 	 0.001900 	 0.314900 
3424 	 0.073100 	 0.003200 	 0.009100 	 0.001600 	 0.433500 
3425 	 0.459100 	 0.007700 	 0.033300 	 0.001800 	 0.382400 
3430 	 42.572100 	 0.038600 	 0.119200 	 0.002500 	 0.326200 
3438 	 0.044000 	 0.005100 	 0.021200 	 0.003300 	 0.351800 
3446 	 4.055900 	 0.046600 	 0.287800 	 0.006600 	 1.042700 
3447 	 0.940700 	 0.011300 	 0.054700 	 0.001900 	 0.214500 
3456 	 0.249800 	 0.005000 	 0.020100 	 0.001500 	 0.172600 
3461 	 0.250700 	 0.007100 	 0.037100 	 0.002600 	 1.208800 
3462 	 0.126500 	 0.003400 	 0.016800 	 0.001000 	 0.096900 
3465 	 5.850000 	 0.029400 	 0.203000 	 0.003100 	 0.745200 
3468 	 6.185600 	 0.044800 	 0.197500 	 0.005600 	 2.556000 
3470 	 1.396900 	 0.010100 	 0.037300 	 0.001700 	 0.247100 
3473 	 0.183900 	 0.006500 	 0.023000 	 0.003000 	 0.726100 
3474 	 0.069400 	 0.003300 	 0.015800 	 0.001500 	 0.359900 
3475 	 8.769900 	 0.066000 	 0.427300 	 0.006300 	 0.824500 
3476 	 1.943800 	 0.015800 	 0.056600 	 0.002400 	 0.718400 
3478 	 0.802100 	 0.011800 	 0.048800 	 0.002400 	 0.320600 
3481 	 24.253900 	 0.076600 	 1.060100 	 0.006900 	 1.207400 
3499 	 0.219700 	 0.018400 	 0.123600 	 0.006400 	 1.758600 
3500 	 0.093500 	 0.002900 	 0.009900 	 0.001000 	 0.109500 
3506 	 0.106200 	 0.004700 	 0.016900 	 0.002300 	 0.675500 
3512 	 0.221900 	 0.009300 	 0.036700 	 0.003400 	 2.935800 
3514 	 0.236100 	 0.002100 	 0.006500 	 0.000600 	 0.076700 
3518 	 1.026500 	 0.013900 	 0.051500 	 0.002900 	 1.305800 
3524 	 0.289000 	 0.016300 	 0.100000 	 0.005600 	 2.694800 
3529 	 0.534600 	 0.007600 	 0.028400 	 0.002000 	 0.432400 
3531 	 0.129200 	 0.003700 	 0.015200 	 0.001500 	 0.444700 
3539 	 0.203000 	 0.004200 	 0.017800 	 0.001100 	 0.130300 
3542 	 0.494600 	 0.004500 	 0.021500 	 0.000800 	 0.083300 
3551 	 0.146300 	 0.003900 	 0.013900 	 0.001500 	 0.228900 
3553 	 0.193500 	 0.004300 	 0.021300 	 0.001600 	 0.719700 
3558 	 1.130400 	 0.010700 	 0.048400 	 0.001900 	 0.360100 
3577 	 3.153500 	 0.017400 	 0.082300 	 0.002200 	 0.599000 
3578 	 0.467200 	 0.014500 	 0.083900 	 0.004300 	 57.001000 
3583 	 0.206500 	 0.005200 	 0.016100 	 0.001900 	 0.516200 
3586 	 1.216900 	 0.014600 	 0.053000 	 0.002500 	 0.422300 
3597 	 0.241400 	 0.007900 	 0.021300 	 0.002600 	 3.959600 
3599 	 3.401700 	 0.021900 	 0.136600 	 0.002500 	 0.487400 
3602 	 0.257000 	 0.007700 	 0.043600 	 0.002400 	 0.273700 
3606 	 0.665500 	 0.009300 	 0.033200 	 0.002000 	 0.296600 
3607 	 0.151000 	 0.001600 	 0.007600 	 0.000400 	 0.076200 
3610 	 0.449600 	 0.003700 	 0.016400 	 0.000700 	 0.095800 
3613 	 0.252700 	 0.008200 	 0.032100 	 0.002600 	 0.426300 
3619 	 0.158500 	 0.010900 	 0.056100 	 0.004500 	 2.007900 
3628 	 0.194400 	 0.002200 	 0.008100 	 0.000800 	 0.275800 
3634 	 0.530600 	 0.024100 	 0.157400 	 0.006700 	 4.982200 
3641 	 0.145200 	 0.005000 	 0.022300 	 0.002100 	 0.546700 
3646 	 0.429300 	 0.005100 	 0.025600 	 0.001200 	 0.166000 
3647 	 0.303200 	 0.005500 	 0.028700 	 0.001100 	 0.105400 
1000 	 4.838300 	 0.032900 	 0.118900 	 0.004000 	 1.081200 
1001 	 0.612400 	 0.006200 	 0.022000 	 0.001400 	 0.233600 
1005 	 676.957600 	 0.101500 	 0.528700 	 0.004000 	 0.679500 
1009 	 0.288800 	 0.007800 	 0.032800 	 0.002200 	 0.368700 
1011 	 17.546400 	 0.030900 	 0.108800 	 0.002700 	 0.539000 
1012 	 0.265100 	 0.008300 	 0.031100 	 0.003300 	 1.032300 
1013 	 1.690700 	 0.014000 	 0.043000 	 0.002100 	 0.276100 
1015 	 0.385000 	 0.011800 	 0.059200 	 0.003200 	 0.316500 
1016 	 0.265000 	 0.006000 	 0.015500 	 0.002200 	 0.323600 
1017 	 38.181300 	 0.025200 	 0.074100 	 0.001900 	 0.326800 
1018 	 0.807300 	 0.011900 	 0.030200 	 0.002900 	 0.530000 
1019 	 0.883500 	 0.010900 	 0.030600 	 0.001800 	 0.216100 
1020 	 10.280300 	 0.032900 	 0.075900 	 0.001900 	 0.298700 
1021 	 0.226300 	 0.008600 	 0.041300 	 0.003300 	 1.131500 
1024 	 0.529300 	 0.006900 	 0.019000 	 0.001700 	 0.238400 
1025 	 1.168400 	 0.005300 	 0.013300 	 0.000800 	 0.153200 
1026 	 0.281800 	 0.007600 	 0.037700 	 0.002500 	 0.446900 
1027 	 0.127500 	 0.005500 	 0.019700 	 0.002600 	 2.682500 
1028 	 2.639800 	 0.022200 	 0.110700 	 0.003300 	 0.688600 
1030 	 0.683300 	 0.009700 	 0.037800 	 0.001800 	 0.207900 
1032 	 0.247000 	 0.002500 	 0.005800 	 0.000700 	 0.141000 
1034 	 2.033600 	 0.018500 	 0.073300 	 0.002600 	 1.225900 
1036 	 0.176400 	 0.007300 	 0.036100 	 0.002600 	 0.282300 
1038 	 0.082800 	 0.005500 	 0.019100 	 0.003000 	 0.844600 
1039 	 6.014500 	 0.026800 	 0.075400 	 0.002100 	 0.249400 
1040 	 0.558600 	 0.014000 	 0.046200 	 0.002600 	 0.554500 
1041 	 1.718500 	 0.009900 	 0.041400 	 0.001100 	 0.140200 
1042 	 0.451400 	 0.010600 	 0.042100 	 0.002900 	 0.612900 
1043 	 6.635500 	 0.026900 	 0.070900 	 0.003300 	 1.242200 
1044 	 4.894900 	 0.014400 	 0.035200 	 0.001500 	 0.143800 
1047 	 2.680100 	 0.017600 	 0.060700 	 0.002600 	 0.478700 
1048 	 0.290100 	 0.006900 	 0.020500 	 0.001800 	 0.187600 
1050 	 0.129800 	 0.003100 	 0.010600 	 0.001100 	 0.184700 
1051 	 67.752300 	 0.038000 	 0.153000 	 0.002000 	 0.210300 
1053 	 0.105600 	 0.005600 	 0.025800 	 0.002500 	 0.349400 
1057 	 0.230300 	 0.004000 	 0.012900 	 0.001400 	 0.571700 
1058 	 0.266000 	 0.006200 	 0.016500 	 0.002100 	 0.374200 
1059 	 8.206600 	 0.042300 	 0.192300 	 0.004400 	 0.808700 
1061 	 0.052900 	 0.002000 	 0.010300 	 0.000600 	 0.068000 
1066 	 92.209700 	 0.062500 	 0.207000 	 0.003000 	 0.623600 
1067 	 11.051500 	 0.077300 	 0.432700 	 0.006500 	 1.962700 
1069 	 5.378600 	 0.014700 	 0.054100 	 0.001600 	 0.270200 
1071 	 0.143000 	 0.005400 	 0.022800 	 0.002200 	 0.352400 
1075 	 0.147600 	 0.004800 	 0.015100 	 0.002300 	 3.476100 
1076 	 5.195400 	 0.012700 	 0.054800 	 0.001300 	 0.210700 
1079 	 0.120000 	 0.003600 	 0.015700 	 0.001500 	 0.928400 
1080 	 3.253700 	 0.018000 	 0.050800 	 0.002200 	 0.264000 
1082 	 1.326000 	 0.009700 	 0.032000 	 0.001400 	 0.155200 
1083 	 0.284400 	 0.006700 	 0.032100 	 0.001900 	 0.204300 
1084 	 5.262300 	 0.034000 	 0.164400 	 0.003900 	 0.642700 
1088 	 199.728700 	 0.053300 	 0.183200 	 0.002600 	 0.746600 
1089 	 0.547100 	 0.011000 	 0.058300 	 0.002400 	 0.308600 
1090 	 102.746700 	 0.031500 	 0.113400 	 0.001700 	 0.221400 
1094 	 0.225300 	 0.008200 	 0.037200 	 0.003200 	 0.745100 
1099 	 0.145700 	 0.003900 	 0.016400 	 0.001500 	 0.401300 
1101 	 1.511900 	 0.011500 	 0.037300 	 0.001700 	 0.223400 
1102 	 1.667300 	 0.021200 	 0.100300 	 0.003400 	 0.503900 
1103 	 7.474700 	 0.031900 	 0.129900 	 0.003200 	 0.502000 
1107 	 0.085100 	 0.007200 	 0.032400 	 0.004000 	 0.721500 
1109 	 109.585900 	 0.048800 	 0.258500 	 0.002600 	 0.502500 
1111 	 7.680300 	 0.032200 	 0.129900 	 0.003800 	 0.909300 
1112 	 0.587300 	 0.006500 	 0.016600 	 0.001600 	 0.208800 
1114 	 0.171100 	 0.007300 	 0.043100 	 0.002400 	 0.258100 
1118 	 1.074100 	 0.002600 	 0.006400 	 0.000300 	 0.037500 
1120 	 0.303400 	 0.011300 	 0.058900 	 0.003300 	 1.080100 
1122 	 0.543300 	 0.012100 	 0.037600 	 0.003500 	 1.080500 
1123 	 0.253100 	 0.006700 	 0.029500 	 0.002700 	 1.632600 
1124 	 0.545800 	 0.007800 	 0.038800 	 0.002000 	 0.564800 
1125 	 24.051500 	 0.022400 	 0.129500 	 0.001300 	 0.129100 
1126 	 32.681400 	 0.040400 	 0.179400 	 0.002900 	 0.732400 
1128 	 2.299200 	 0.015800 	 0.075100 	 0.002600 	 0.986100 
1130 	 0.173600 	 0.006300 	 0.026400 	 0.002800 	 1.929700 
1132 	 0.440900 	 0.005500 	 0.017100 	 0.001100 	 0.102700 
1135 	 0.527800 	 0.014600 	 0.062700 	 0.004500 	 0.903600 
1136 	 87.531400 	 0.104400 	 0.545900 	 0.005600 	 1.107600 
1137 	 0.199100 	 0.008800 	 0.038300 	 0.003500 	 1.218000 
1138 	 0.181100 	 0.005300 	 0.029200 	 0.001400 	 0.130700 
1139 	 4.545200 	 0.034900 	 0.121000 	 0.005300 	 12.403200 
1140 	 0.161300 	 0.003900 	 0.025500 	 0.001200 	 0.230700 
1142 	 0.279000 	 0.003700 	 0.012700 	 0.001200 	 0.393700 
1143 	 0.096900 	 0.003200 	 0.010000 	 0.001200 	 0.707500 
1144 	 1.121900 	 0.014900 	 0.059000 	 0.003100 	 0.545600 
1147 	 20.935400 	 0.036200 	 0.187300 	 0.002900 	 0.416800 
1149 	 0.090600 	 0.003300 	 0.019100 	 0.001100 	 0.129100 
1150 	 0.387500 	 0.009500 	 0.037400 	 0.003300 	 0.426100 
1151 	 0.892900 	 0.007800 	 0.022500 	 0.001500 	 0.284800 
1155 	 0.209100 	 0.005800 	 0.018900 	 0.001900 	 0.240700 
1159 	 1.753600 	 0.020900 	 0.055300 	 0.003600 	 0.465500 
1163 	 19.665300 	 0.050400 	 0.260800 	 0.003900 	 0.393200 
1164 	 21.620400 	 0.026500 	 0.117500 	 0.002000 	 0.308800 
1165 	 4.714400 	 0.025700 	 0.140600 	 0.003100 	 0.851000 
1166 	 16.938500 	 0.014700 	 0.063200 	 0.000900 	 0.114700 
1167 	 0.067500 	 0.007300 	 0.019900 	 0.004700 	 0.642600 
1169 	 0.137600 	 0.003400 	 0.015900 	 0.001200 	 0.237600 
1171 	 0.064100 	 0.002800 	 0.012300 	 0.001300 	 0.449600 
1178 	 16.062200 	 0.059700 	 0.375500 	 0.003300 	 0.947700 
1181 	 1.307100 	 0.019700 	 0.068100 	 0.004100 	 0.909200 
1184 	 97.673500 	 0.045100 	 0.175700 	 0.002600 	 0.308600 
1189 	 235.203800 	 0.043000 	 0.148000 	 0.001900 	 0.278300 
1194 	 0.131300 	 0.001800 	 0.005900 	 0.000600 	 0.122100 
1196 	 2.476100 	 0.028300 	 0.143400 	 0.004000 	 0.437500 
1198 	 0.132600 	 0.011200 	 0.050900 	 0.004900 	 3.810000 
1199 	 0.071900 	 0.008700 	 0.061000 	 0.003900 	 0.478900 
1201 	 0.215400 	 0.001400 	 0.005300 	 0.000400 	 0.112400 
1202 	 0.637000 	 0.012600 	 0.059200 	 0.003200 	 0.676500 
1203 	 6.725700 	 0.041600 	 0.197800 	 0.004400 	 0.846100 
1204 	 0.246700 	 0.004900 	 0.018400 	 0.001400 	 0.169700 
1206 	 0.435600 	 0.022700 	 0.123400 	 0.007800 	 2.244900 
1208 	 0.468400 	 0.022600 	 0.122300 	 0.004800 	 2.798400 
1211 	 4.497100 	 0.035200 	 0.136200 	 0.004500 	 0.806500 
1212 	 2.747100 	 0.020200 	 0.066600 	 0.003200 	 0.632300 
1216 	 20.203300 	 0.039800 	 0.190300 	 0.003500 	 0.507800 
1220 	 0.075300 	 0.006000 	 0.024400 	 0.003100 	 0.400400 
1221 	 0.406000 	 0.008000 	 0.022400 	 0.002400 	 0.326400 
1223 	 0.261900 	 0.008900 	 0.039300 	 0.002400 	 0.420700 
1228 	 0.616400 	 0.011800 	 0.055500 	 0.003000 	 2.580700 
1230 	 1.166500 	 0.017200 	 0.074700 	 0.002700 	 0.298600 
1231 	 0.630600 	 0.014100 	 0.048000 	 0.004300 	 1.868400 
1233 	 0.170900 	 0.003300 	 0.010800 	 0.001200 	 0.168100 
1239 	 0.151800 	 0.006200 	 0.022900 	 0.002300 	 0.250300 
1241 	 0.317600 	 0.008700 	 0.040500 	 0.002200 	 0.388200 
1243 	 0.360000 	 0.005500 	 0.027000 	 0.001200 	 0.165900 
1255 	 1.353800 	 0.026500 	 0.128800 	 0.006200 	 14.064400 
1259 	 0.186000 	 0.003000 	 0.011600 	 0.000800 	 0.088900 
1261 	 1.711200 	 0.030100 	 0.127900 	 0.005600 	 0.938600 
1264 	 0.669000 	 0.015700 	 0.079000 	 0.003600 	 0.392200 
1266 	 0.235200 	 0.007600 	 0.042400 	 0.002500 	 0.455600 
1267 	 3.168300 	 0.022200 	 0.076200 	 0.003200 	 0.722800 
1269 	 0.216900 	 0.005500 	 0.030200 	 0.001900 	 1.270200 
1274 	 0.360300 	 0.007900 	 0.037800 	 0.002400 	 0.546800 
1275 	 0.276800 	 0.006100 	 0.027400 	 0.001900 	 0.376000 
1276 	 0.296600 	 0.009800 	 0.041700 	 0.002700 	 0.492100 
1277 	 0.101400 	 0.002100 	 0.007400 	 0.000700 	 0.087700 
1280 	 4.628000 	 0.051900 	 0.364700 	 0.006300 	 0.850800 
1283 	 9.973500 	 0.024800 	 0.084900 	 0.002000 	 0.252900 
1285 	 0.216000 	 0.006200 	 0.024200 	 0.002500 	 0.937900 
1289 	 0.616500 	 0.016000 	 0.103100 	 0.003200 	 0.442200 
1297 	 0.110800 	 0.003900 	 0.018700 	 0.001700 	 0.916100 
1300 	 0.505000 	 0.010600 	 0.039200 	 0.003100 	 1.139100 
1312 	 0.049900 	 0.003000 	 0.007200 	 0.001600 	 0.592900 
1313 	 0.441500 	 0.012400 	 0.043700 	 0.004100 	 0.458300 
1315 	 3.534900 	 0.025700 	 0.167000 	 0.003100 	 0.435000 
1316 	 0.279600 	 0.009900 	 0.037800 	 0.003400 	 0.288700 
1325 	 0.265900 	 0.008700 	 0.035700 	 0.002900 	 0.316500 
1327 	 0.887900 	 0.014500 	 0.106600 	 0.002300 	 0.295200 
1332 	 0.083700 	 0.004800 	 0.021800 	 0.001700 	 0.162700 
1341 	 3.087000 	 0.019700 	 0.098600 	 0.002600 	 0.453200 
1344 	 0.078600 	 0.006200 	 0.039200 	 0.002500 	 0.237300 
1351 	 7.278300 	 0.021100 	 0.103400 	 0.001900 	 0.204100 
1355 	 0.823800 	 0.007500 	 0.016000 	 0.001600 	 0.314700 
1356 	 1.300800 	 0.005000 	 0.012400 	 0.000700 	 0.110400 
1357 	 2.170000 	 0.014700 	 0.053300 	 0.001900 	 0.189900 
1364 	 0.131900 	 0.005500 	 0.035200 	 0.002100 	 0.359300 
1366 	 6.411700 	 0.037400 	 0.176700 	 0.004500 	 1.277700 
1368 	 1.368600 	 0.008900 	 0.026200 	 0.001500 	 0.552600 
1372 	 4.728600 	 0.027200 	 0.086900 	 0.003500 	 0.359100 
1384 	 0.294700 	 0.006800 	 0.038300 	 0.002300 	 0.608900 
1389 	 0.866900 	 0.021900 	 0.096800 	 0.004900 	 1.273000 
1401 	 1.259900 	 0.012900 	 0.043300 	 0.002100 	 0.208700 
1404 	 3.322900 	 0.040000 	 0.291400 	 0.005200 	 0.635700 
1412 	 14.736400 	 0.050100 	 0.273400 	 0.005400 	 4.042100 
1415 	 0.095200 	 0.003400 	 0.013500 	 0.001400 	 0.347400 
1416 	 0.560600 	 0.004000 	 0.014400 	 0.000600 	 0.067100 
1417 	 0.642600 	 0.029100 	 0.142100 	 0.008100 	 1.227100 
1418 	 0.308200 	 0.003100 	 0.009700 	 0.000800 	 0.139400 
1429 	 0.927900 	 0.005700 	 0.021600 	 0.000800 	 0.101900 
1431 	 1.359100 	 0.015500 	 0.060100 	 0.002800 	 0.354900 
1433 	 2.772200 	 0.026400 	 0.139400 	 0.003800 	 0.897700 
1449 	 0.420300 	 0.003400 	 0.009300 	 0.000700 	 0.096200 
1456 	 2.708500 	 0.038000 	 0.163900 	 0.006800 	 1.325200 
1457 	 1.657700 	 0.015000 	 0.073800 	 0.002800 	 2.658200 
1460 	 0.189900 	 0.008700 	 0.046300 	 0.002900 	 0.359400 
1465 	 1.598900 	 0.014800 	 0.071900 	 0.002400 	 0.598100 
1470 	 0.479400 	 0.011500 	 0.056900 	 0.002600 	 0.439300 
1471 	 0.435800 	 0.010300 	 0.036000 	 0.003000 	 0.485400 
1480 	 3.562000 	 0.026300 	 0.119500 	 0.002400 	 0.607400 
1482 	 31.647900 	 0.029300 	 0.125400 	 0.002000 	 0.248100 
2000 	 14.902800 	 0.029800 	 0.138200 	 0.002000 	 0.195900 
2001 	 5.154400 	 0.009300 	 0.022400 	 0.000900 	 0.105400 
2002 	 3.108500 	 0.015300 	 0.054100 	 0.002100 	 0.689300 
2005 	 0.148100 	 0.002700 	 0.005500 	 0.001300 	 0.436100 
2007 	 0.268800 	 0.007500 	 0.025100 	 0.002800 	 0.591800 
2009 	 0.140600 	 0.003200 	 0.010200 	 0.001200 	 0.224800 
2010 	 10.653900 	 0.020600 	 0.095700 	 0.001700 	 0.165700 
2013 	 0.106200 	 0.001700 	 0.002200 	 0.000800 	 0.180600 
2015 	 0.756900 	 0.007800 	 0.020200 	 0.001800 	 0.417700 
2016 	 0.236800 	 0.002900 	 0.008400 	 0.001000 	 0.336300 
2017 	 0.413000 	 0.009800 	 0.028400 	 0.003200 	 0.570700 
2018 	 0.403300 	 0.004200 	 0.010400 	 0.001200 	 0.250400 
2019 	 2.974800 	 0.027900 	 0.124600 	 0.003800 	 0.997700 
2020 	 65.456400 	 0.029100 	 0.120900 	 0.001800 	 0.254600 
2024 	 0.131800 	 0.004700 	 0.016400 	 0.001600 	 0.180400 
2026 	 0.914600 	 0.005300 	 0.010300 	 0.001000 	 0.187400 
2028 	 0.161300 	 0.006500 	 0.027000 	 0.002700 	 1.587900 
2029 	 10.286600 	 0.020800 	 0.087400 	 0.001900 	 0.264000 
2030 	 0.364500 	 0.003400 	 0.007700 	 0.000900 	 0.180000 
2031 	 0.172000 	 0.002600 	 0.007900 	 0.000900 	 0.175900 
2032 	 0.202800 	 0.004500 	 0.011000 	 0.001600 	 0.546300 
2034 	 0.140400 	 0.003900 	 0.015600 	 0.001600 	 0.467700 
2035 	 0.755200 	 0.008900 	 0.043100 	 0.001800 	 0.365400 
2039 	 0.677500 	 0.008400 	 0.028200 	 0.002000 	 0.659400 
2040 	 0.192200 	 0.002700 	 0.008400 	 0.000700 	 0.103600 
2042 	 0.213200 	 0.005600 	 0.025100 	 0.001700 	 0.172200 
2043 	 1.739000 	 0.029000 	 0.084700 	 0.006000 	 0.769000 
2047 	 0.139000 	 0.002300 	 0.005600 	 0.000900 	 0.160800 
2049 	 4.322600 	 0.020600 	 0.055000 	 0.002300 	 0.298200 
2050 	 65.416600 	 0.029800 	 0.099700 	 0.001800 	 0.620100 
2052 	 2.097900 	 0.013700 	 0.038100 	 0.001700 	 0.156000 
2055 	 0.346500 	 0.012200 	 0.049400 	 0.003600 	 0.355400 
2057 	 1.153100 	 0.011300 	 0.048100 	 0.001900 	 0.253600 
2058 	 2.174200 	 0.024200 	 0.138900 	 0.004000 	 0.522800 
2061 	 0.112600 	 0.004200 	 0.016100 	 0.001800 	 0.268900 
2062 	 3.362700 	 0.044100 	 0.223500 	 0.007200 	 1.953200 
2064 	 42.841400 	 0.043600 	 0.191500 	 0.003100 	 0.594000 
2069 	 0.167900 	 0.004600 	 0.019600 	 0.001400 	 0.228200 
2070 	 0.707400 	 0.012300 	 0.051700 	 0.002900 	 0.460500 
2071 	 0.195100 	 0.006100 	 0.019300 	 0.002300 	 0.360600 
2072 	 0.216900 	 0.004400 	 0.018100 	 0.001300 	 0.183200 
2073 	 2.733400 	 0.007300 	 0.026800 	 0.000700 	 0.074100 
2074 	 4.115400 	 0.038400 	 0.229400 	 0.004900 	 0.737400 
2075 	 0.567300 	 0.012500 	 0.034300 	 0.003100 	 0.340300 
2078 	 3.988700 	 0.019600 	 0.095600 	 0.002600 	 0.492800 
2079 	 0.112000 	 0.002700 	 0.008500 	 0.001000 	 0.159000 
2080 	 10.942100 	 0.042700 	 0.253600 	 0.004100 	 1.298900 
2081 	 0.095300 	 0.005200 	 0.023000 	 0.002600 	 6.126200 
2082 	 0.279800 	 0.005500 	 0.024400 	 0.002000 	 3.345300 
2083 	 1.365200 	 0.027400 	 0.149800 	 0.006300 	 2.783200 
2084 	 0.271200 	 0.006400 	 0.020600 	 0.002100 	 0.240400 
2085 	 0.119900 	 0.007800 	 0.037000 	 0.004000 	 0.597100 
2086 	 3.047300 	 0.031300 	 0.142100 	 0.004000 	 0.642400 
2093 	 0.177800 	 0.004600 	 0.018700 	 0.001400 	 0.161100 
2097 	 3.363100 	 0.024500 	 0.135400 	 0.002600 	 0.297400 
2099 	 0.212300 	 0.012200 	 0.069400 	 0.004500 	 0.498100 
2102 	 0.315700 	 0.018100 	 0.093900 	 0.006100 	 0.719900 
2106 	 0.320200 	 0.005100 	 0.018500 	 0.001400 	 0.137700 
2111 	 1.845800 	 0.022500 	 0.077000 	 0.003600 	 0.424800 
2112 	 1.149900 	 0.014800 	 0.034900 	 0.003000 	 0.559400 
2117 	 8.343100 	 0.027200 	 0.167000 	 0.002600 	 0.334400 
2119 	 0.104000 	 0.006100 	 0.024900 	 0.002800 	 0.436300 
2120 	 0.524300 	 0.005400 	 0.022100 	 0.001300 	 0.248900 
2121 	 0.352700 	 0.013500 	 0.064700 	 0.004300 	 0.519000 
2122 	 0.304500 	 0.014100 	 0.068000 	 0.003900 	 0.291600 
2126 	 1.291300 	 0.017500 	 0.088700 	 0.003000 	 0.377900 
2127 	 160.980600 	 0.062300 	 0.222000 	 0.002900 	 0.342400 
2139 	 0.113200 	 0.006400 	 0.017400 	 0.004600 	 3.206300 
2141 	 0.347000 	 0.004800 	 0.019200 	 0.001300 	 0.166600 
2144 	 0.264700 	 0.006800 	 0.021300 	 0.002500 	 0.372300 
2149 	 2.161100 	 0.019200 	 0.087500 	 0.003100 	 0.776800 
2150 	 0.492400 	 0.006000 	 0.022700 	 0.001400 	 0.374700 
2156 	 0.253100 	 0.006000 	 0.024700 	 0.001600 	 0.207200 
2159 	 0.263300 	 0.007500 	 0.036800 	 0.002600 	 1.210300 
2163 	 0.373400 	 0.006400 	 0.028000 	 0.001500 	 0.171500 
2164 	 0.222800 	 0.009500 	 0.034700 	 0.003500 	 1.272400 
2167 	 0.073000 	 0.001800 	 0.007500 	 0.000600 	 0.070700 
2169 	 0.374400 	 0.005000 	 0.013600 	 0.001300 	 0.238000 
2173 	 0.229900 	 0.003600 	 0.011700 	 0.001000 	 0.120500 
2176 	 0.910400 	 0.019600 	 0.074300 	 0.003400 	 0.332600 
2179 	 0.068500 	 0.003500 	 0.020900 	 0.001100 	 0.089200 
2181 	 0.217800 	 0.011900 	 0.064400 	 0.004500 	 0.572700 
2184 	 28.926300 	 0.053600 	 0.254800 	 0.004500 	 0.543400 
2192 	 81.138100 	 0.080600 	 0.442200 	 0.004100 	 0.406700 
2193 	 0.187500 	 0.020200 	 0.121900 	 0.009400 	 2.663400 
2196 	 0.944400 	 0.019800 	 0.111500 	 0.004400 	 0.594300 
2203 	 1.626100 	 0.014500 	 0.080800 	 0.002200 	 0.329700 
2211 	 0.164200 	 0.002000 	 0.007400 	 0.000600 	 0.073100 
2214 	 0.162400 	 0.009400 	 0.046400 	 0.003800 	 0.501000 
2215 	 0.151800 	 0.004500 	 0.022400 	 0.001300 	 0.166600 
2216 	 0.207100 	 0.010000 	 0.052900 	 0.004100 	 0.790000 
2217 	 281.326300 	 0.118300 	 0.531100 	 0.004600 	 0.810500 
3000 	 0.582700 	 0.011300 	 0.037400 	 0.002700 	 0.510100 
3001 	 0.146200 	 0.006000 	 0.030600 	 0.002700 	 1.066600 
3002 	 0.355900 	 0.005300 	 0.018200 	 0.001500 	 0.560400 
3003 	 14.780100 	 0.023900 	 0.138900 	 0.002200 	 0.309300 
3004 	 1.258900 	 0.008300 	 0.023100 	 0.001600 	 0.338500 
3005 	 2.002100 	 0.015100 	 0.037100 	 0.002400 	 0.311600 
3007 	 0.085900 	 0.003800 	 0.015600 	 0.001800 	 0.520000 
3008 	 0.681000 	 0.014800 	 0.075500 	 0.004100 	 2.723700 
3009 	 0.296800 	 0.011400 	 0.048000 	 0.002400 	 0.366100 
3011 	 5.521700 	 0.026500 	 0.076300 	 0.003700 	 0.527800 
3012 	 0.504500 	 0.007500 	 0.013900 	 0.001800 	 0.287900 
3013 	 0.263200 	 0.008800 	 0.035900 	 0.003100 	 1.373800 
3014 	 0.510900 	 0.010000 	 0.041000 	 0.003400 	 2.038000 
3016 	 0.535000 	 0.004500 	 0.011200 	 0.001000 	 0.138300 
3017 	 378.072400 	 0.095300 	 0.580900 	 0.003800 	 0.440100 
3018 	 0.754400 	 0.007000 	 0.025800 	 0.001200 	 0.171000 
3019 	 0.164200 	 0.005500 	 0.028300 	 0.002300 	 1.374300 
3020 	 24.823000 	 0.028100 	 0.122600 	 0.002100 	 0.479500 
3023 	 10.167100 	 0.035500 	 0.141800 	 0.003800 	 12.938600 
3025 	 0.104200 	 0.001800 	 0.005700 	 0.000700 	 0.103500 
3027 	 0.162300 	 0.002800 	 0.006000 	 0.000900 	 0.119200 
3028 	 11.505500 	 0.017100 	 0.056800 	 0.001700 	 0.613500 
3029 	 2.457600 	 0.011600 	 0.038600 	 0.001400 	 0.191400 
3030 	 16.883300 	 0.021400 	 0.137500 	 0.001500 	 0.284600 
3031 	 0.091000 	 0.001200 	 0.001800 	 0.000500 	 0.079800 
3032 	 0.081600 	 0.002100 	 0.006900 	 0.000800 	 0.141600 
3033 	 7.578100 	 0.015400 	 0.051000 	 0.001400 	 0.175400 
3034 	 2.901700 	 0.031200 	 0.171900 	 0.004000 	 0.644200 
3035 	 10.653400 	 0.049100 	 0.311500 	 0.003800 	 0.372700 
3036 	 1.840600 	 0.021900 	 0.082900 	 0.003900 	 1.905400 
3038 	 0.574000 	 0.010800 	 0.045600 	 0.002900 	 1.555400 
3041 	 4.344900 	 0.022800 	 0.105300 	 0.002500 	 0.480900 
3042 	 0.228300 	 0.003900 	 0.013900 	 0.001300 	 0.189000 
3043 	 0.131400 	 0.003400 	 0.007900 	 0.001600 	 0.302400 
3044 	 0.120200 	 0.003400 	 0.012800 	 0.001100 	 0.143500 
3045 	 2.606300 	 0.014200 	 0.068100 	 0.001800 	 0.408000 
3046 	 0.735600 	 0.021300 	 0.165400 	 0.004400 	 1.025000 
3048 	 1.022500 	 0.013500 	 0.050500 	 0.002900 	 7.239700 
3050 	 1.712500 	 0.009500 	 0.035200 	 0.001300 	 0.136400 
3051 	 0.221800 	 0.001400 	 0.005200 	 0.000300 	 0.036000 
3052 	 0.254000 	 0.005300 	 0.018800 	 0.002000 	 0.908400 
3054 	 0.156800 	 0.003400 	 0.011800 	 0.001000 	 0.108500 
3055 	 31.427400 	 0.043700 	 0.157700 	 0.003100 	 0.575000 
3056 	 0.264900 	 0.003000 	 0.011400 	 0.000900 	 0.144000 
3057 	 0.232500 	 0.004000 	 0.013400 	 0.001300 	 0.172700 
3058 	 2.382700 	 0.029000 	 0.220000 	 0.003400 	 0.385100 
3059 	 0.511200 	 0.007800 	 0.022100 	 0.002100 	 0.463900 
3062 	 0.194000 	 0.006900 	 0.029500 	 0.002900 	 1.312800 
3065 	 1.573100 	 0.016900 	 0.079100 	 0.002600 	 0.728300 
3066 	 0.605100 	 0.005900 	 0.020200 	 0.001200 	 0.207000 
3069 	 0.121800 	 0.003600 	 0.012300 	 0.001100 	 0.110400 
3071 	 26.214900 	 0.070500 	 0.851100 	 0.004600 	 1.392100 
3073 	 2.160500 	 0.008400 	 0.076400 	 0.008300 	 0.576400 
3074 	 9.614700 	 0.030400 	 0.154200 	 0.003000 	 6.419900 
3075 	 0.318400 	 0.005800 	 0.033000 	 0.001700 	 0.225500 
3078 	 0.410600 	 0.008000 	 0.033200 	 0.002100 	 0.283200 
3079 	 0.787900 	 0.007800 	 0.028300 	 0.001700 	 0.420600 
3080 	 0.569300 	 0.006700 	 0.021100 	 0.001500 	 0.215700 
3083 	 2.408800 	 0.015500 	 0.087800 	 0.002000 	 0.565000 
3084 	 3.385700 	 0.025200 	 0.053000 	 0.003900 	 0.888400 
3087 	 0.341000 	 0.011400 	 0.060000 	 0.003300 	 0.628100 
3088 	 0.050900 	 0.001800 	 0.004600 	 0.001000 	 0.341400 
3090 	 4.244500 	 0.021800 	 0.099000 	 0.002800 	 0.928200 
3091 	 136.951400 	 0.022700 	 0.065900 	 0.001600 	 0.418300 
3092 	 47.520100 	 0.039600 	 0.154800 	 0.003000 	 0.507500 
3093 	 1.009800 	 0.014900 	 0.067500 	 0.003300 	 1.076300 
3094 	 0.123400 	 0.004100 	 0.011600 	 0.001900 	 0.395100 
3096 	 0.557000 	 0.005800 	 0.019000 	 0.001200 	 0.166700 
3097 	 348.090200 	 0.093500 	 0.327900 	 0.003600 	 0.549400 
3100 	 11.386200 	 0.015500 	 0.059200 	 0.001400 	 0.221600 
3101 	 1.479300 	 0.006800 	 0.026800 	 0.001000 	 0.166100 
3103 	 0.073100 	 0.003600 	 0.016600 	 0.001400 	 0.168900 
3104 	 0.364800 	 0.009300 	 0.042300 	 0.003100 	 0.818800 
3105 	 0.207900 	 0.004900 	 0.015100 	 0.001600 	 0.845500 
3106 	 152.969300 	 0.051400 	 0.275100 	 0.002900 	 1.096400 
3110 	 0.188100 	 0.008100 	 0.024700 	 0.003300 	 0.394800 
3113 	 0.194200 	 0.004300 	 0.015700 	 0.001500 	 0.292000 
3114 	 6.027100 	 0.045400 	 0.260500 	 0.004100 	 0.559300 
3115 	 0.238800 	 0.002800 	 0.009000 	 0.000900 	 0.336800 
3117 	 0.070000 	 0.002500 	 0.008800 	 0.000900 	 0.166400 
3120 	 33.080800 	 0.033900 	 0.139500 	 0.002400 	 0.615500 
3121 	 0.155300 	 0.005900 	 0.023300 	 0.002700 	 10.378800 
3122 	 0.128500 	 0.003300 	 0.011400 	 0.001200 	 0.149700 
3127 	 0.564800 	 0.009300 	 0.035100 	 0.002100 	 0.285200 
3128 	 0.355600 	 0.005400 	 0.018400 	 0.001400 	 0.194100 
3134 	 15.251000 	 0.062800 	 0.326800 	 0.004500 	 1.029500 
3135 	 0.676400 	 0.008700 	 0.031600 	 0.001800 	 0.205900 
3138 	 0.446700 	 0.005100 	 0.022600 	 0.001200 	 0.239700 
3140 	 0.168300 	 0.002900 	 0.008300 	 0.001100 	 0.190700 
3143 	 2.015800 	 0.007100 	 0.030300 	 0.000700 	 0.098700 
3144 	 0.100300 	 0.003000 	 0.007700 	 0.001600 	 2.245200 
3146 	 0.227500 	 0.003700 	 0.015600 	 0.001100 	 0.220300 
3147 	 0.064000 	 0.002100 	 0.005700 	 0.000800 	 0.084500 
3148 	 0.197000 	 0.007000 	 0.031100 	 0.002700 	 0.778400 
3149 	 0.123900 	 0.001900 	 0.005300 	 0.000700 	 0.093300 
3152 	 0.541100 	 0.002600 	 0.007200 	 0.000500 	 0.081000 
3154 	 0.456000 	 0.009700 	 0.042300 	 0.002600 	 1.252600 
3155 	 1.663000 	 0.014300 	 0.038800 	 0.002400 	 0.382200 
3156 	 0.383100 	 0.014400 	 0.063900 	 0.003800 	 0.895900 
3157 	 0.103400 	 0.003400 	 0.011100 	 0.001400 	 0.434500 
3159 	 0.514400 	 0.007400 	 0.020700 	 0.001600 	 0.315800 
3160 	 0.210700 	 0.004200 	 0.020000 	 0.001200 	 0.136000 
3164 	 142.048100 	 0.044500 	 0.170300 	 0.002200 	 0.319600 
3166 	 0.201900 	 0.002400 	 0.008100 	 0.000600 	 0.096300 
3167 	 0.658100 	 0.006500 	 0.018500 	 0.001300 	 0.187800 
3168 	 4.762000 	 0.039500 	 0.125400 	 0.005800 	 1.574700 
3169 	 0.336800 	 0.015500 	 0.094300 	 0.003600 	 0.301100 
3171 	 0.500100 	 0.006600 	 0.018500 	 0.001600 	 0.226100 
3173 	 1.398700 	 0.013600 	 0.034200 	 0.002700 	 0.416000 
3174 	 5.652300 	 0.010700 	 0.040000 	 0.000800 	 0.082900 
3176 	 0.390400 	 0.006400 	 0.019400 	 0.001700 	 0.208400 
3177 	 0.068700 	 0.002300 	 0.008000 	 0.000900 	 0.110000 
3180 	 0.146100 	 0.002700 	 0.006400 	 0.001100 	 0.144600 
3181 	 12.506800 	 0.042200 	 0.284300 	 0.002800 	 0.281300 
3182 	 0.306000 	 0.005300 	 0.020100 	 0.001700 	 0.233100 
3183 	 0.636500 	 0.012600 	 0.043700 	 0.003100 	 0.422000 
3185 	 16.324600 	 0.050200 	 0.216700 	 0.004300 	 0.807500 
3186 	 0.970200 	 0.009600 	 0.045200 	 0.001600 	 0.205400 
3189 	 0.463600 	 0.010800 	 0.042100 	 0.003100 	 0.893300 
3195 	 0.117500 	 0.004300 	 0.015700 	 0.001700 	 0.352700 
3196 	 0.109300 	 0.002700 	 0.006900 	 0.001100 	 0.370200 
3201 	 0.227300 	 0.013200 	 0.069600 	 0.004300 	 1.046300 
3203 	 2.874100 	 0.019900 	 0.092200 	 0.002800 	 0.590600 
3205 	 0.422000 	 0.005200 	 0.021100 	 0.001600 	 0.877600 
3206 	 0.580800 	 0.014900 	 0.070900 	 0.004000 	 0.597300 
3207 	 0.147900 	 0.003500 	 0.016300 	 0.001000 	 0.109600 
3208 	 0.234300 	 0.006200 	 0.031900 	 0.002000 	 0.260100 
3210 	 6.295900 	 0.017600 	 0.081700 	 0.001800 	 0.316200 
3211 	 0.212300 	 0.007800 	 0.036800 	 0.003100 	 0.668900 
3212 	 18.187600 	 0.055700 	 0.187600 	 0.003700 	 0.557500 
3218 	 1.767100 	 0.030200 	 0.162000 	 0.005300 	 0.592800 
3222 	 0.733000 	 0.004200 	 0.011400 	 0.000700 	 0.106300 
3226 	 0.104800 	 0.002200 	 0.007400 	 0.000700 	 0.081100 
3229 	 3.034600 	 0.013300 	 0.045800 	 0.001700 	 0.326600 
3237 	 0.082900 	 0.002000 	 0.005700 	 0.000800 	 0.166900 
3244 	 0.481900 	 0.006500 	 0.033400 	 0.001400 	 0.196500 
3245 	 0.085400 	 0.007200 	 0.025800 	 0.003100 	 0.445400 
3247 	 0.640700 	 0.005700 	 0.016300 	 0.001200 	 0.203600 
3248 	 4.433100 	 0.009400 	 0.042600 	 0.001000 	 0.165000 
3249 	 1.277500 	 0.010900 	 0.035200 	 0.001800 	 0.210200 
3252 	 0.312500 	 0.005700 	 0.021800 	 0.001600 	 0.290100 
3265 	 1.825000 	 0.012400 	 0.062700 	 0.001800 	 0.226100 
3267 	 0.752200 	 0.012600 	 0.056500 	 0.002800 	 0.555000 
3271 	 0.770900 	 0.011300 	 0.048600 	 0.002700 	 0.864600 
3272 	 0.131200 	 0.007500 	 0.050600 	 0.002700 	 0.375300 
3275 	 0.115000 	 0.005500 	 0.028200 	 0.002700 	 1.220700 
3280 	 0.775400 	 0.016200 	 0.076500 	 0.003500 	 0.852900 
3283 	 7.347700 	 0.048300 	 0.168700 	 0.005500 	 1.035700 
3285 	 0.195600 	 0.004300 	 0.012300 	 0.001500 	 0.170900 
3287 	 4.529100 	 0.029300 	 0.107400 	 0.002900 	 0.478800 
3291 	 0.213700 	 0.007600 	 0.033500 	 0.002700 	 0.581900 
3292 	 0.365400 	 0.007200 	 0.027700 	 0.001900 	 1.187300 
3296 	 0.509600 	 0.010300 	 0.054300 	 0.002900 	 0.480400 
3299 	 0.208000 	 0.025500 	 0.062300 	 0.008500 	 2.937000 
3302 	 0.223100 	 0.005500 	 0.030700 	 0.001700 	 0.277200 
3303 	 0.144800 	 0.007200 	 0.026800 	 0.003300 	 0.473000 
3308 	 0.693100 	 0.012100 	 0.047600 	 0.003100 	 0.641700 
3313 	 0.192600 	 0.003100 	 0.010400 	 0.001100 	 0.333600 
3314 	 0.528500 	 0.007700 	 0.022000 	 0.002200 	 2.086300 
3315 	 0.328300 	 0.007900 	 0.030600 	 0.002800 	 0.469600 
3318 	 0.068000 	 0.002200 	 0.008200 	 0.000700 	 0.064900 
3319 	 0.202700 	 0.005400 	 0.014800 	 0.002100 	 0.604500 
3320 	 0.224100 	 0.003200 	 0.010200 	 0.001100 	 0.242700 
3323 	 0.184100 	 0.003300 	 0.011000 	 0.000900 	 0.104500 
3325 	 0.145500 	 0.004600 	 0.020300 	 0.001900 	 0.899400 
3326 	 0.043000 	 0.000800 	 0.001500 	 0.000300 	 0.032900 
3327 	 0.149400 	 0.007200 	 0.029400 	 0.002500 	 0.236300 
3328 	 0.099400 	 0.002800 	 0.012100 	 0.001000 	 0.154000 
3330 	 0.425100 	 0.009000 	 0.043000 	 0.002300 	 0.588800 
3336 	 0.250700 	 0.005100 	 0.016600 	 0.001600 	 0.521600 
3337 	 0.276800 	 0.007600 	 0.031300 	 0.002000 	 0.190000 
3338 	 0.109600 	 0.003000 	 0.014400 	 0.001100 	 0.179200 
3340 	 0.353500 	 0.006100 	 0.022600 	 0.001700 	 0.237900 
3347 	 3.407500 	 0.031200 	 0.133900 	 0.004700 	 1.187600 
3349 	 0.311800 	 0.006300 	 0.014900 	 0.002400 	 0.532500 
3354 	 3.637000 	 0.029500 	 0.123100 	 0.003800 	 0.547200 
3355 	 0.527800 	 0.011800 	 0.074000 	 0.002700 	 0.366600 
3357 	 0.111400 	 0.002000 	 0.004400 	 0.000800 	 0.124800 
3362 	 12.803600 	 0.037800 	 0.173500 	 0.003200 	 0.303100 
3369 	 1.816900 	 0.015700 	 0.071300 	 0.002200 	 0.578300 
3372 	 2.094800 	 0.030500 	 0.183300 	 0.004200 	 0.373800 
3375 	 0.178200 	 0.002300 	 0.005700 	 0.000800 	 0.492500 
3376 	 0.303100 	 0.006200 	 0.026200 	 0.001900 	 0.231700 
3380 	 2.388200 	 0.022900 	 0.095800 	 0.002700 	 0.256000 
3381 	 0.563300 	 0.007400 	 0.038700 	 0.001900 	 0.595000 
3386 	 8.358700 	 0.022800 	 0.089100 	 0.002200 	 0.549800 
3389 	 0.720200 	 0.005900 	 0.024100 	 0.001200 	 0.282400 
3390 	 0.181100 	 0.006100 	 0.032200 	 0.002200 	 0.313500 
3395 	 11.157800 	 0.034900 	 0.207500 	 0.003800 	 0.611500 
3404 	 7.115200 	 0.023300 	 0.091500 	 0.002900 	 1.524600 
3407 	 0.853500 	 0.007700 	 0.033100 	 0.001200 	 0.142400 
3408 	 1.151000 	 0.015200 	 0.078400 	 0.002800 	 0.507000 
3411 	 0.162800 	 0.005400 	 0.017300 	 0.002100 	 0.321000 
3417 	 0.206400 	 0.010200 	 0.051900 	 0.003600 	 1.968000 
3422 	 1.020700 	 0.010000 	 0.032400 	 0.001900 	 0.314800 
3424 	 0.073800 	 0.003200 	 0.009100 	 0.001600 	 0.435000 
3425 	 0.460300 	 0.007700 	 0.033300 	 0.001800 	 0.381700 
3430 	 43.425400 	 0.038800 	 0.119700 	 0.002500 	 0.323800 
3438 	 0.043800 	 0.005100 	 0.021200 	 0.003300 	 0.350700 
3446 	 3.682200 	 0.045000 	 0.276500 	 0.006600 	 1.040000 
3447 	 0.942700 	 0.011300 	 0.054800 	 0.001900 	 0.214300 
3456 	 0.248200 	 0.005000 	 0.020100 	 0.001500 	 0.172600 
3461 	 0.244400 	 0.007100 	 0.036800 	 0.002600 	 1.224300 
3462 	 0.126300 	 0.003400 	 0.016800 	 0.001000 	 0.096800 
3465 	 6.147300 	 0.029700 	 0.205600 	 0.003100 	 0.728100 
3468 	 6.878800 	 0.046300 	 0.205600 	 0.005600 	 2.655300 
3470 	 1.366500 	 0.010000 	 0.036900 	 0.001700 	 0.246900 
3473 	 0.181900 	 0.006400 	 0.023000 	 0.003000 	 0.726400 
3474 	 0.069300 	 0.003300 	 0.015800 	 0.001500 	 0.359100 
3475 	 8.066100 	 0.064300 	 0.415100 	 0.006300 	 0.831400 
3476 	 1.928500 	 0.015700 	 0.056400 	 0.002400 	 0.717400 
3478 	 0.794400 	 0.011800 	 0.048500 	 0.002400 	 0.320300 
3481 	 25.021200 	 0.077000 	 1.057700 	 0.006800 	 1.224500 
3499 	 0.221500 	 0.018400 	 0.123300 	 0.006300 	 1.738800 
3500 	 0.093300 	 0.002900 	 0.009900 	 0.001000 	 0.109500 
3506 	 0.105700 	 0.004700 	 0.016900 	 0.002300 	 0.675100 
3512 	 0.220400 	 0.009300 	 0.036600 	 0.003400 	 2.937400 
3514 	 0.236400 	 0.002100 	 0.006500 	 0.000600 	 0.076600 
3518 	 1.041400 	 0.014000 	 0.051900 	 0.002900 	 1.326700 
3524 	 0.289300 	 0.016300 	 0.100000 	 0.005600 	 2.694000 
3529 	 0.509100 	 0.007500 	 0.027600 	 0.002000 	 0.433300 
3531 	 0.129500 	 0.003700 	 0.015200 	 0.001500 	 0.446900 
3539 	 0.202400 	 0.004200 	 0.017800 	 0.001100 	 0.130300 
3542 	 0.497900 	 0.004500 	 0.021500 	 0.000800 	 0.083400 
3551 	 0.146000 	 0.003900 	 0.013900 	 0.001500 	 0.228700 
3553 	 0.193600 	 0.004300 	 0.021300 	 0.001600 	 0.717400 
3558 	 1.097200 	 0.010600 	 0.047800 	 0.001900 	 0.361100 
3577 	 2.978100 	 0.017000 	 0.080600 	 0.002200 	 0.604800 
3578 	 0.446000 	 0.014200 	 0.081900 	 0.004300 	 42.958200 
3583 	 0.211100 	 0.005200 	 0.016200 	 0.001900 	 0.520800 
3586 	 1.143800 	 0.014300 	 0.051600 	 0.002500 	 0.418600 
3597 	 0.239500 	 0.007900 	 0.021200 	 0.002600 	 3.905100 
3599 	 3.132200 	 0.021300 	 0.132200 	 0.002500 	 0.488400 
3602 	 0.253200 	 0.007600 	 0.043400 	 0.002400 	 0.272800 
3606 	 0.657700 	 0.009300 	 0.033000 	 0.002000 	 0.298100 
3607 	 0.152700 	 0.001700 	 0.007700 	 0.000400 	 0.076900 
3610 	 0.442900 	 0.003700 	 0.016200 	 0.000700 	 0.095900 
3613 	 0.247900 	 0.008100 	 0.031900 	 0.002600 	 0.424000 
3619 	 0.157000 	 0.010800 	 0.056000 	 0.004500 	 2.012300 
3628 	 0.192800 	 0.002200 	 0.008100 	 0.000800 	 0.273900 
3634 	 0.518600 	 0.023800 	 0.155300 	 0.006600 	 4.914500 
3641 	 0.144400 	 0.005000 	 0.022300 	 0.002100 	 0.547200 
3646 	 0.424100 	 0.005000 	 0.025500 	 0.001200 	 0.165800 
3647 	 0.302600 	 0.005500 	 0.028700 	 0.001100 	 0.105300 
1000 	 4.838300 	 0.032900 	 0.118900 	 0.004000 	 1.081200 
1001 	 0.612400 	 0.006200 	 0.022000 	 0.001400 	 0.233600 
1005 	 676.957600 	 0.101500 	 0.528700 	 0.004000 	 0.679500 
1009 	 0.288800 	 0.007800 	 0.032800 	 0.002200 	 0.368700 
1000 	 4.838300 	 0.032900 	 0.118900 	 0.004000 	 1.081200 
1001 	 0.612400 	 0.006200 	 0.022000 	 0.001400 	 0.233600 
1005 	 676.957600 	 0.101500 	 0.528700 	 0.004000 	 0.679500 
1009 	 0.288800 	 0.007800 	 0.032800 	 0.002200 	 0.368700 
1011 	 17.546400 	 0.030900 	 0.108800 	 0.002700 	 0.539000 
1012 	 0.265100 	 0.008300 	 0.031100 	 0.003300 	 1.032300 
1013 	 1.690700 	 0.014000 	 0.043000 	 0.002100 	 0.276100 
1015 	 0.385000 	 0.011800 	 0.059200 	 0.003200 	 0.316500 
1016 	 0.265000 	 0.006000 	 0.015500 	 0.002200 	 0.323600 
1017 	 38.181300 	 0.025200 	 0.074100 	 0.001900 	 0.326800 
1018 	 0.807300 	 0.011900 	 0.030200 	 0.002900 	 0.530000 
1019 	 0.883500 	 0.010900 	 0.030600 	 0.001800 	 0.216100 
1020 	 10.280300 	 0.032900 	 0.075900 	 0.001900 	 0.298700 
1021 	 0.226300 	 0.008600 	 0.041300 	 0.003300 	 1.131500 
1024 	 0.529300 	 0.006900 	 0.019000 	 0.001700 	 0.238400 
1025 	 1.168400 	 0.005300 	 0.013300 	 0.000800 	 0.153200 
1026 	 0.281800 	 0.007600 	 0.037700 	 0.002500 	 0.446900 
1027 	 0.127500 	 0.005500 	 0.019700 	 0.002600 	 2.682500 
1028 	 2.639800 	 0.022200 	 0.110700 	 0.003300 	 0.688600 
1030 	 0.683300 	 0.009700 	 0.037800 	 0.001800 	 0.207900 
1032 	 0.247000 	 0.002500 	 0.005800 	 0.000700 	 0.141000 
1034 	 2.033600 	 0.018500 	 0.073300 	 0.002600 	 1.225900 
1036 	 0.176400 	 0.007300 	 0.036100 	 0.002600 	 0.282300 
1038 	 0.082800 	 0.005500 	 0.019100 	 0.003000 	 0.844600 
1039 	 6.014500 	 0.026800 	 0.075400 	 0.002100 	 0.249400 
1040 	 0.558600 	 0.014000 	 0.046200 	 0.002600 	 0.554500 
1041 	 1.718500 	 0.009900 	 0.041400 	 0.001100 	 0.140200 
1042 	 0.451400 	 0.010600 	 0.042100 	 0.002900 	 0.612900 
1043 	 6.635500 	 0.026900 	 0.070900 	 0.003300 	 1.242200 
1044 	 4.894900 	 0.014400 	 0.035200 	 0.001500 	 0.143800 
1047 	 2.680100 	 0.017600 	 0.060700 	 0.002600 	 0.478700 
1048 	 0.290100 	 0.006900 	 0.020500 	 0.001800 	 0.187600 
1050 	 0.129800 	 0.003100 	 0.010600 	 0.001100 	 0.184700 
1051 	 67.752300 	 0.038000 	 0.153000 	 0.002000 	 0.210300 
1053 	 0.105600 	 0.005600 	 0.025800 	 0.002500 	 0.349400 
1057 	 0.230300 	 0.004000 	 0.012900 	 0.001400 	 0.571700 
1058 	 0.266000 	 0.006200 	 0.016500 	 0.002100 	 0.374200 
1059 	 8.206600 	 0.042300 	 0.192300 	 0.004400 	 0.808700 
1061 	 0.052900 	 0.002000 	 0.010300 	 0.000600 	 0.068000 
1066 	 92.209700 	 0.062500 	 0.207000 	 0.003000 	 0.623600 
1067 	 11.051500 	 0.077300 	 0.432700 	 0.006500 	 1.962700 
1069 	 5.378600 	 0.014700 	 0.054100 	 0.001600 	 0.270200 
1071 	 0.143000 	 0.005400 	 0.022800 	 0.002200 	 0.352400 
1075 	 0.147600 	 0.004800 	 0.015100 	 0.002300 	 3.476100 
1076 	 5.195400 	 0.012700 	 0.054800 	 0.001300 	 0.210700 
1079 	 0.120000 	 0.003600 	 0.015700 	 0.001500 	 0.928400 
1080 	 3.253700 	 0.018000 	 0.050800 	 0.002200 	 0.264000 
1082 	 1.326000 	 0.009700 	 0.032000 	 0.001400 	 0.155200 
1083 	 0.284400 	 0.006700 	 0.032100 	 0.001900 	 0.204300 
1084 	 5.262300 	 0.034000 	 0.164400 	 0.003900 	 0.642700 
1088 	 199.728700 	 0.053300 	 0.183200 	 0.002600 	 0.746600 
1089 	 0.547100 	 0.011000 	 0.058300 	 0.002400 	 0.308600 
1090 	 102.746700 	 0.031500 	 0.113400 	 0.001700 	 0.221400 
1094 	 0.225300 	 0.008200 	 0.037200 	 0.003200 	 0.745100 
1099 	 0.145700 	 0.003900 	 0.016400 	 0.001500 	 0.401300 
1101 	 1.511900 	 0.011500 	 0.037300 	 0.001700 	 0.223400 
1102 	 1.667300 	 0.021200 	 0.100300 	 0.003400 	 0.503900 
1103 	 7.474700 	 0.031900 	 0.129900 	 0.003200 	 0.502000 
1107 	 0.085100 	 0.007200 	 0.032400 	 0.004000 	 0.721500 
1109 	 109.585900 	 0.048800 	 0.258500 	 0.002600 	 0.502500 
1111 	 7.680300 	 0.032200 	 0.129900 	 0.003800 	 0.909300 
1112 	 0.587300 	 0.006500 	 0.016600 	 0.001600 	 0.208800 
1114 	 0.171100 	 0.007300 	 0.043100 	 0.002400 	 0.258100 
1118 	 1.074100 	 0.002600 	 0.006400 	 0.000300 	 0.037500 
1120 	 0.303400 	 0.011300 	 0.058900 	 0.003300 	 1.080100 
1122 	 0.543300 	 0.012100 	 0.037600 	 0.003500 	 1.080500 
1123 	 0.253100 	 0.006700 	 0.029500 	 0.002700 	 1.632600 
1124 	 0.545800 	 0.007800 	 0.038800 	 0.002000 	 0.564800 
1125 	 24.051500 	 0.022400 	 0.129500 	 0.001300 	 0.129100 
1126 	 32.681400 	 0.040400 	 0.179400 	 0.002900 	 0.732400 
1128 	 2.299200 	 0.015800 	 0.075100 	 0.002600 	 0.986100 
1130 	 0.173600 	 0.006300 	 0.026400 	 0.002800 	 1.929700 
1132 	 0.440900 	 0.005500 	 0.017100 	 0.001100 	 0.102700 
1135 	 0.527800 	 0.014600 	 0.062700 	 0.004500 	 0.903600 
1136 	 87.531400 	 0.104400 	 0.545900 	 0.005600 	 1.107600 
1137 	 0.199100 	 0.008800 	 0.038300 	 0.003500 	 1.218000 
1138 	 0.181100 	 0.005300 	 0.029200 	 0.001400 	 0.130700 
1139 	 4.545200 	 0.034900 	 0.121000 	 0.005300 	 12.403200 
1140 	 0.161300 	 0.003900 	 0.025500 	 0.001200 	 0.230700 
1142 	 0.279000 	 0.003700 	 0.012700 	 0.001200 	 0.393700 
1143 	 0.096900 	 0.003200 	 0.010000 	 0.001200 	 0.707500 
1144 	 1.121900 	 0.014900 	 0.059000 	 0.003100 	 0.545600 
1147 	 20.935400 	 0.036200 	 0.187300 	 0.002900 	 0.416800 
1149 	 0.090600 	 0.003300 	 0.019100 	 0.001100 	 0.129100 
1150 	 0.387500 	 0.009500 	 0.037400 	 0.003300 	 0.426100 
1151 	 0.892900 	 0.007800 	 0.022500 	 0.001500 	 0.284800 
1155 	 0.209100 	 0.005800 	 0.018900 	 0.001900 	 0.240700 
1159 	 1.753600 	 0.020900 	 0.055300 	 0.003600 	 0.465500 
1163 	 19.665300 	 0.050400 	 0.260800 	 0.003900 	 0.393200 
1164 	 21.620400 	 0.026500 	 0.117500 	 0.002000 	 0.308800 
1165 	 4.714400 	 0.025700 	 0.140600 	 0.003100 	 0.851000 
1166 	 16.938500 	 0.014700 	 0.063200 	 0.000900 	 0.114700 
1167 	 0.067500 	 0.007300 	 0.019900 	 0.004700 	 0.642600 
1169 	 0.137600 	 0.003400 	 0.015900 	 0.001200 	 0.237600 
1171 	 0.064100 	 0.002800 	 0.012300 	 0.001300 	 0.449600 
1178 	 16.062200 	 0.059700 	 0.375500 	 0.003300 	 0.947700 
1181 	 1.307100 	 0.019700 	 0.068100 	 0.004100 	 0.909200 
1184 	 97.673500 	 0.045100 	 0.175700 	 0.002600 	 0.308600 
1189 	 235.203800 	 0.043000 	 0.148000 	 0.001900 	 0.278300 
1194 	 0.131300 	 0.001800 	 0.005900 	 0.000600 	 0.122100 
1196 	 2.476100 	 0.028300 	 0.143400 	 0.004000 	 0.437500 
1198 	 0.132600 	 0.011200 	 0.050900 	 0.004900 	 3.810000 
1199 	 0.071900 	 0.008700 	 0.061000 	 0.003900 	 0.478900 
1201 	 0.215400 	 0.001400 	 0.005300 	 0.000400 	 0.112400 
1202 	 0.637000 	 0.012600 	 0.059200 	 0.003200 	 0.676500 
1203 	 6.725700 	 0.041600 	 0.197800 	 0.004400 	 0.846100 
1204 	 0.246700 	 0.004900 	 0.018400 	 0.001400 	 0.169700 
1206 	 0.435600 	 0.022700 	 0.123400 	 0.007800 	 2.244900 
1208 	 0.468400 	 0.022600 	 0.122300 	 0.004800 	 2.798400 
1211 	 4.497100 	 0.035200 	 0.136200 	 0.004500 	 0.806500 
1212 	 2.747100 	 0.020200 	 0.066600 	 0.003200 	 0.632300 
1216 	 20.203300 	 0.039800 	 0.190300 	 0.003500 	 0.507800 
1220 	 0.075300 	 0.006000 	 0.024400 	 0.003100 	 0.400400 
1221 	 0.406000 	 0.008000 	 0.022400 	 0.002400 	 0.326400 
1223 	 0.261900 	 0.008900 	 0.039300 	 0.002400 	 0.420700 
1228 	 0.616400 	 0.011800 	 0.055500 	 0.003000 	 2.580700 
1230 	 1.166500 	 0.017200 	 0.074700 	 0.002700 	 0.298600 
1231 	 0.630600 	 0.014100 	 0.048000 	 0.004300 	 1.868400 
1233 	 0.170900 	 0.003300 	 0.010800 	 0.001200 	 0.168100 
1239 	 0.151800 	 0.006200 	 0.022900 	 0.002300 	 0.250300 
1241 	 0.317600 	 0.008700 	 0.040500 	 0.002200 	 0.388200 
1243 	 0.360000 	 0.005500 	 0.027000 	 0.001200 	 0.165900 
1255 	 1.353800 	 0.026500 	 0.128800 	 0.006200 	 14.064400 
1259 	 0.186000 	 0.003000 	 0.011600 	 0.000800 	 0.088900 
1261 	 1.711200 	 0.030100 	 0.127900 	 0.005600 	 0.938600 
1264 	 0.669000 	 0.015700 	 0.079000 	 0.003600 	 0.392200 
1266 	 0.235200 	 0.007600 	 0.042400 	 0.002500 	 0.455600 
1267 	 3.168300 	 0.022200 	 0.076200 	 0.003200 	 0.722800 
1269 	 0.216900 	 0.005500 	 0.030200 	 0.001900 	 1.270200 
1274 	 0.360300 	 0.007900 	 0.037800 	 0.002400 	 0.546800 
1275 	 0.276800 	 0.006100 	 0.027400 	 0.001900 	 0.376000 
1276 	 0.296600 	 0.009800 	 0.041700 	 0.002700 	 0.492100 
1277 	 0.101400 	 0.002100 	 0.007400 	 0.000700 	 0.087700 
1280 	 4.628000 	 0.051900 	 0.364700 	 0.006300 	 0.850800 
1283 	 9.973500 	 0.024800 	 0.084900 	 0.002000 	 0.252900 
1285 	 0.216000 	 0.006200 	 0.024200 	 0.002500 	 0.937900 
1289 	 0.616500 	 0.016000 	 0.103100 	 0.003200 	 0.442200 
1297 	 0.110800 	 0.003900 	 0.018700 	 0.001700 	 0.916100 
1300 	 0.505000 	 0.010600 	 0.039200 	 0.003100 	 1.139100 
1312 	 0.049900 	 0.003000 	 0.007200 	 0.001600 	 0.592900 
1313 	 0.441500 	 0.012400 	 0.043700 	 0.004100 	 0.458300 
1315 	 3.534900 	 0.025700 	 0.167000 	 0.003100 	 0.435000 
1316 	 0.279600 	 0.009900 	 0.037800 	 0.003400 	 0.288700 
1325 	 0.265900 	 0.008700 	 0.035700 	 0.002900 	 0.316500 
1327 	 0.887900 	 0.014500 	 0.106600 	 0.002300 	 0.295200 
1332 	 0.083700 	 0.004800 	 0.021800 	 0.001700 	 0.162700 
1341 	 3.087000 	 0.019700 	 0.098600 	 0.002600 	 0.453200 
1344 	 0.078600 	 0.006200 	 0.039200 	 0.002500 	 0.237300 
1351 	 7.278300 	 0.021100 	 0.103400 	 0.001900 	 0.204100 
1355 	 0.823800 	 0.007500 	 0.016000 	 0.001600 	 0.314700 
1356 	 1.300800 	 0.005000 	 0.012400 	 0.000700 	 0.110400 
1357 	 2.170000 	 0.014700 	 0.053300 	 0.001900 	 0.189900 
1364 	 0.131900 	 0.005500 	 0.035200 	 0.002100 	 0.359300 
1366 	 6.411700 	 0.037400 	 0.176700 	 0.004500 	 1.277700 
1368 	 1.368600 	 0.008900 	 0.026200 	 0.001500 	 0.552600 
1372 	 4.728600 	 0.027200 	 0.086900 	 0.003500 	 0.359100 
1384 	 0.294700 	 0.006800 	 0.038300 	 0.002300 	 0.608900 
1389 	 0.866900 	 0.021900 	 0.096800 	 0.004900 	 1.273000 
1401 	 1.259900 	 0.012900 	 0.043300 	 0.002100 	 0.208700 
1404 	 3.322900 	 0.040000 	 0.291400 	 0.005200 	 0.635700 
1412 	 14.736400 	 0.050100 	 0.273400 	 0.005400 	 4.042100 
1415 	 0.095200 	 0.003400 	 0.013500 	 0.001400 	 0.347400 
1416 	 0.560600 	 0.004000 	 0.014400 	 0.000600 	 0.067100 
1417 	 0.642600 	 0.029100 	 0.142100 	 0.008100 	 1.227100 
1418 	 0.308200 	 0.003100 	 0.009700 	 0.000800 	 0.139400 
1429 	 0.927900 	 0.005700 	 0.021600 	 0.000800 	 0.101900 
1431 	 1.359100 	 0.015500 	 0.060100 	 0.002800 	 0.354900 
1433 	 2.772200 	 0.026400 	 0.139400 	 0.003800 	 0.897700 
1449 	 0.420300 	 0.003400 	 0.009300 	 0.000700 	 0.096200 
1456 	 2.708500 	 0.038000 	 0.163900 	 0.006800 	 1.325200 
1457 	 1.657700 	 0.015000 	 0.073800 	 0.002800 	 2.658200 
1460 	 0.189900 	 0.008700 	 0.046300 	 0.002900 	 0.359400 
1465 	 1.598900 	 0.014800 	 0.071900 	 0.002400 	 0.598100 
1470 	 0.479400 	 0.011500 	 0.056900 	 0.002600 	 0.439300 
1471 	 0.435800 	 0.010300 	 0.036000 	 0.003000 	 0.485400 
1480 	 3.562000 	 0.026300 	 0.119500 	 0.002400 	 0.607400 
1482 	 31.647900 	 0.029300 	 0.125400 	 0.002000 	 0.248100 
2000 	 14.902800 	 0.029800 	 0.138200 	 0.002000 	 0.195900 
2001 	 5.154400 	 0.009300 	 0.022400 	 0.000900 	 0.105400 
2002 	 3.108500 	 0.015300 	 0.054100 	 0.002100 	 0.689300 
2005 	 0.148100 	 0.002700 	 0.005500 	 0.001300 	 0.436100 
2007 	 0.268800 	 0.007500 	 0.025100 	 0.002800 	 0.591800 
2009 	 0.140600 	 0.003200 	 0.010200 	 0.001200 	 0.224800 
2010 	 10.653900 	 0.020600 	 0.095700 	 0.001700 	 0.165700 
2013 	 0.106200 	 0.001700 	 0.002200 	 0.000800 	 0.180600 
2015 	 0.756900 	 0.007800 	 0.020200 	 0.001800 	 0.417700 
2016 	 0.236800 	 0.002900 	 0.008400 	 0.001000 	 0.336300 
2017 	 0.413000 	 0.009800 	 0.028400 	 0.003200 	 0.570700 
2018 	 0.403300 	 0.004200 	 0.010400 	 0.001200 	 0.250400 
2019 	 2.974800 	 0.027900 	 0.124600 	 0.003800 	 0.997700 
2020 	 65.456400 	 0.029100 	 0.120900 	 0.001800 	 0.254600 
2024 	 0.131800 	 0.004700 	 0.016400 	 0.001600 	 0.180400 
2026 	 0.914600 	 0.005300 	 0.010300 	 0.001000 	 0.187400 
2028 	 0.161300 	 0.006500 	 0.027000 	 0.002700 	 1.587900 
2029 	 10.286600 	 0.020800 	 0.087400 	 0.001900 	 0.264000 
2030 	 0.364500 	 0.003400 	 0.007700 	 0.000900 	 0.180000 
2031 	 0.172000 	 0.002600 	 0.007900 	 0.000900 	 0.175900 
2032 	 0.202800 	 0.004500 	 0.011000 	 0.001600 	 0.546300 
2034 	 0.140400 	 0.003900 	 0.015600 	 0.001600 	 0.467700 
2035 	 0.755200 	 0.008900 	 0.043100 	 0.001800 	 0.365400 
2039 	 0.677500 	 0.008400 	 0.028200 	 0.002000 	 0.659400 
2040 	 0.192200 	 0.002700 	 0.008400 	 0.000700 	 0.103600 
2042 	 0.213200 	 0.005600 	 0.025100 	 0.001700 	 0.172200 
2043 	 1.739000 	 0.029000 	 0.084700 	 0.006000 	 0.769000 
2047 	 0.139000 	 0.002300 	 0.005600 	 0.000900 	 0.160800 
2049 	 4.322600 	 0.020600 	 0.055000 	 0.002300 	 0.298200 
2050 	 65.416600 	 0.029800 	 0.099700 	 0.001800 	 0.620100 
2052 	 2.097900 	 0.013700 	 0.038100 	 0.001700 	 0.156000 
2055 	 0.346500 	 0.012200 	 0.049400 	 0.003600 	 0.355400 
2057 	 1.153100 	 0.011300 	 0.048100 	 0.001900 	 0.253600 
2058 	 2.174200 	 0.024200 	 0.138900 	 0.004000 	 0.522800 
2061 	 0.112600 	 0.004200 	 0.016100 	 0.001800 	 0.268900 
2062 	 3.362700 	 0.044100 	 0.223500 	 0.007200 	 1.953200 
2064 	 42.841400 	 0.043600 	 0.191500 	 0.003100 	 0.594000 
2069 	 0.167900 	 0.004600 	 0.019600 	 0.001400 	 0.228200 
2070 	 0.707400 	 0.012300 	 0.051700 	 0.002900 	 0.460500 
2071 	 0.195100 	 0.006100 	 0.019300 	 0.002300 	 0.360600 
2072 	 0.216900 	 0.004400 	 0.018100 	 0.001300 	 0.183200 
2073 	 2.733400 	 0.007300 	 0.026800 	 0.000700 	 0.074100 
2074 	 4.115400 	 0.038400 	 0.229400 	 0.004900 	 0.737400 
2075 	 0.567300 	 0.012500 	 0.034300 	 0.003100 	 0.340300 
2078 	 3.988700 	 0.019600 	 0.095600 	 0.002600 	 0.492800 
2079 	 0.112000 	 0.002700 	 0.008500 	 0.001000 	 0.159000 
2080 	 10.942100 	 0.042700 	 0.253600 	 0.004100 	 1.298900 
2081 	 0.095300 	 0.005200 	 0.023000 	 0.002600 	 6.126200 
2082 	 0.279800 	 0.005500 	 0.024400 	 0.002000 	 3.345300 
2083 	 1.365200 	 0.027400 	 0.149800 	 0.006300 	 2.783200 
2084 	 0.271200 	 0.006400 	 0.020600 	 0.002100 	 0.240400 
2085 	 0.119900 	 0.007800 	 0.037000 	 0.004000 	 0.597100 
2086 	 3.047300 	 0.031300 	 0.142100 	 0.004000 	 0.642400 
2093 	 0.177800 	 0.004600 	 0.018700 	 0.001400 	 0.161100 
2097 	 3.363100 	 0.024500 	 0.135400 	 0.002600 	 0.297400 
2099 	 0.212300 	 0.012200 	 0.069400 	 0.004500 	 0.498100 
2102 	 0.315700 	 0.018100 	 0.093900 	 0.006100 	 0.719900 
2106 	 0.320200 	 0.005100 	 0.018500 	 0.001400 	 0.137700 
2111 	 1.845800 	 0.022500 	 0.077000 	 0.003600 	 0.424800 
2112 	 1.149900 	 0.014800 	 0.034900 	 0.003000 	 0.559400 
2117 	 8.343100 	 0.027200 	 0.167000 	 0.002600 	 0.334400 
2119 	 0.104000 	 0.006100 	 0.024900 	 0.002800 	 0.436300 
2120 	 0.524300 	 0.005400 	 0.022100 	 0.001300 	 0.248900 
2121 	 0.352700 	 0.013500 	 0.064700 	 0.004300 	 0.519000 
2122 	 0.304500 	 0.014100 	 0.068000 	 0.003900 	 0.291600 
2126 	 1.291300 	 0.017500 	 0.088700 	 0.003000 	 0.377900 
2127 	 160.980600 	 0.062300 	 0.222000 	 0.002900 	 0.342400 
2139 	 0.113200 	 0.006400 	 0.017400 	 0.004600 	 3.206300 
2141 	 0.347000 	 0.004800 	 0.019200 	 0.001300 	 0.166600 
2144 	 0.264700 	 0.006800 	 0.021300 	 0.002500 	 0.372300 
2149 	 2.161100 	 0.019200 	 0.087500 	 0.003100 	 0.776800 
2150 	 0.492400 	 0.006000 	 0.022700 	 0.001400 	 0.374700 
2156 	 0.253100 	 0.006000 	 0.024700 	 0.001600 	 0.207200 
2159 	 0.263300 	 0.007500 	 0.036800 	 0.002600 	 1.210300 
2163 	 0.373400 	 0.006400 	 0.028000 	 0.001500 	 0.171500 
2164 	 0.222800 	 0.009500 	 0.034700 	 0.003500 	 1.272400 
2167 	 0.073000 	 0.001800 	 0.007500 	 0.000600 	 0.070700 
2169 	 0.374400 	 0.005000 	 0.013600 	 0.001300 	 0.238000 
2173 	 0.229900 	 0.003600 	 0.011700 	 0.001000 	 0.120500 
2176 	 0.910400 	 0.019600 	 0.074300 	 0.003400 	 0.332600 
2179 	 0.068500 	 0.003500 	 0.020900 	 0.001100 	 0.089200 
2181 	 0.217800 	 0.011900 	 0.064400 	 0.004500 	 0.572700 
2184 	 28.926300 	 0.053600 	 0.254800 	 0.004500 	 0.543400 
2192 	 81.138100 	 0.080600 	 0.442200 	 0.004100 	 0.406700 
2193 	 0.187500 	 0.020200 	 0.121900 	 0.009400 	 2.663400 
2196 	 0.944400 	 0.019800 	 0.111500 	 0.004400 	 0.594300 
2203 	 1.626100 	 0.014500 	 0.080800 	 0.002200 	 0.329700 
2211 	 0.164200 	 0.002000 	 0.007400 	 0.000600 	 0.073100 
2214 	 0.162400 	 0.009400 	 0.046400 	 0.003800 	 0.501000 
2215 	 0.151800 	 0.004500 	 0.022400 	 0.001300 	 0.166600 
2216 	 0.207100 	 0.010000 	 0.052900 	 0.004100 	 0.790000 
2217 	 281.326300 	 0.118300 	 0.531100 	 0.004600 	 0.810500 
3000 	 0.582700 	 0.011300 	 0.037400 	 0.002700 	 0.510100 
3001 	 0.146200 	 0.006000 	 0.030600 	 0.002700 	 1.066600 
3002 	 0.355900 	 0.005300 	 0.018200 	 0.001500 	 0.560400 
3003 	 14.780100 	 0.023900 	 0.138900 	 0.002200 	 0.309300 
3004 	 1.258900 	 0.008300 	 0.023100 	 0.001600 	 0.338500 
3005 	 2.002100 	 0.015100 	 0.037100 	 0.002400 	 0.311600 
3007 	 0.085900 	 0.003800 	 0.015600 	 0.001800 	 0.520000 
3008 	 0.681000 	 0.014800 	 0.075500 	 0.004100 	 2.723700 
3009 	 0.296800 	 0.011400 	 0.048000 	 0.002400 	 0.366100 
3011 	 5.521700 	 0.026500 	 0.076300 	 0.003700 	 0.527800 
3012 	 0.504500 	 0.007500 	 0.013900 	 0.001800 	 0.287900 
3013 	 0.263200 	 0.008800 	 0.035900 	 0.003100 	 1.373800 
3014 	 0.510900 	 0.010000 	 0.041000 	 0.003400 	 2.038000 
3016 	 0.535000 	 0.004500 	 0.011200 	 0.001000 	 0.138300 
3017 	 378.072400 	 0.095300 	 0.580900 	 0.003800 	 0.440100 
3018 	 0.754400 	 0.007000 	 0.025800 	 0.001200 	 0.171000 
3019 	 0.164200 	 0.005500 	 0.028300 	 0.002300 	 1.374300 
3020 	 24.823000 	 0.028100 	 0.122600 	 0.002100 	 0.479500 
3023 	 10.167100 	 0.035500 	 0.141800 	 0.003800 	 12.938600 
3025 	 0.104200 	 0.001800 	 0.005700 	 0.000700 	 0.103500 
3027 	 0.162300 	 0.002800 	 0.006000 	 0.000900 	 0.119200 
3028 	 11.505500 	 0.017100 	 0.056800 	 0.001700 	 0.613500 
3029 	 2.457600 	 0.011600 	 0.038600 	 0.001400 	 0.191400 
3030 	 16.883300 	 0.021400 	 0.137500 	 0.001500 	 0.284600 
3031 	 0.091000 	 0.001200 	 0.001800 	 0.000500 	 0.079800 
3032 	 0.081600 	 0.002100 	 0.006900 	 0.000800 	 0.141600 
3033 	 7.578100 	 0.015400 	 0.051000 	 0.001400 	 0.175400 
3034 	 2.901700 	 0.031200 	 0.171900 	 0.004000 	 0.644200 
3035 	 10.653400 	 0.049100 	 0.311500 	 0.003800 	 0.372700 
3036 	 1.840600 	 0.021900 	 0.082900 	 0.003900 	 1.905400 
3038 	 0.574000 	 0.010800 	 0.045600 	 0.002900 	 1.555400 
3041 	 4.344900 	 0.022800 	 0.105300 	 0.002500 	 0.480900 
3042 	 0.228300 	 0.003900 	 0.013900 	 0.001300 	 0.189000 
3043 	 0.131400 	 0.003400 	 0.007900 	 0.001600 	 0.302400 
3044 	 0.120200 	 0.003400 	 0.012800 	 0.001100 	 0.143500 
3045 	 2.606300 	 0.014200 	 0.068100 	 0.001800 	 0.408000 
3046 	 0.735600 	 0.021300 	 0.165400 	 0.004400 	 1.025000 
3048 	 1.022500 	 0.013500 	 0.050500 	 0.002900 	 7.239700 
3050 	 1.712500 	 0.009500 	 0.035200 	 0.001300 	 0.136400 
3051 	 0.221800 	 0.001400 	 0.005200 	 0.000300 	 0.036000 
3052 	 0.254000 	 0.005300 	 0.018800 	 0.002000 	 0.908400 
3054 	 0.156800 	 0.003400 	 0.011800 	 0.001000 	 0.108500 
3055 	 31.427400 	 0.043700 	 0.157700 	 0.003100 	 0.575000 
3056 	 0.264900 	 0.003000 	 0.011400 	 0.000900 	 0.144000 
3057 	 0.232500 	 0.004000 	 0.013400 	 0.001300 	 0.172700 
3058 	 2.382700 	 0.029000 	 0.220000 	 0.003400 	 0.385100 
3059 	 0.511200 	 0.007800 	 0.022100 	 0.002100 	 0.463900 
3062 	 0.194000 	 0.006900 	 0.029500 	 0.002900 	 1.312800 
3065 	 1.573100 	 0.016900 	 0.079100 	 0.002600 	 0.728300 
3066 	 0.605100 	 0.005900 	 0.020200 	 0.001200 	 0.207000 
3069 	 0.121800 	 0.003600 	 0.012300 	 0.001100 	 0.110400 
3071 	 26.214900 	 0.070500 	 0.851100 	 0.004600 	 1.392100 
3073 	 2.160500 	 0.008400 	 0.076400 	 0.008300 	 0.576400 
3074 	 9.614700 	 0.030400 	 0.154200 	 0.003000 	 6.419900 
3075 	 0.318400 	 0.005800 	 0.033000 	 0.001700 	 0.225500 
3078 	 0.410600 	 0.008000 	 0.033200 	 0.002100 	 0.283200 
3079 	 0.787900 	 0.007800 	 0.028300 	 0.001700 	 0.420600 
3080 	 0.569300 	 0.006700 	 0.021100 	 0.001500 	 0.215700 
3083 	 2.408800 	 0.015500 	 0.087800 	 0.002000 	 0.565000 
3084 	 3.385700 	 0.025200 	 0.053000 	 0.003900 	 0.888400 
3087 	 0.341000 	 0.011400 	 0.060000 	 0.003300 	 0.628100 
3088 	 0.050900 	 0.001800 	 0.004600 	 0.001000 	 0.341400 
3090 	 4.244500 	 0.021800 	 0.099000 	 0.002800 	 0.928200 
3091 	 136.951400 	 0.022700 	 0.065900 	 0.001600 	 0.418300 
3092 	 47.520100 	 0.039600 	 0.154800 	 0.003000 	 0.507500 
3093 	 1.009800 	 0.014900 	 0.067500 	 0.003300 	 1.076300 
3094 	 0.123400 	 0.004100 	 0.011600 	 0.001900 	 0.395100 
3096 	 0.557000 	 0.005800 	 0.019000 	 0.001200 	 0.166700 
3097 	 348.090200 	 0.093500 	 0.327900 	 0.003600 	 0.549400 
3100 	 11.386200 	 0.015500 	 0.059200 	 0.001400 	 0.221600 
3101 	 1.479300 	 0.006800 	 0.026800 	 0.001000 	 0.166100 
3103 	 0.073100 	 0.003600 	 0.016600 	 0.001400 	 0.168900 
3104 	 0.364800 	 0.009300 	 0.042300 	 0.003100 	 0.818800 
3105 	 0.207900 	 0.004900 	 0.015100 	 0.001600 	 0.845500 
3106 	 152.969300 	 0.051400 	 0.275100 	 0.002900 	 1.096400 
3110 	 0.188100 	 0.008100 	 0.024700 	 0.003300 	 0.394800 
3113 	 0.194200 	 0.004300 	 0.015700 	 0.001500 	 0.292000 
3114 	 6.027100 	 0.045400 	 0.260500 	 0.004100 	 0.559300 
3115 	 0.238800 	 0.002800 	 0.009000 	 0.000900 	 0.336800 
3117 	 0.070000 	 0.002500 	 0.008800 	 0.000900 	 0.166400 
3120 	 33.080800 	 0.033900 	 0.139500 	 0.002400 	 0.615500 
3121 	 0.155300 	 0.005900 	 0.023300 	 0.002700 	 10.378800 
3122 	 0.128500 	 0.003300 	 0.011400 	 0.001200 	 0.149700 
3127 	 0.564800 	 0.009300 	 0.035100 	 0.002100 	 0.285200 
3128 	 0.355600 	 0.005400 	 0.018400 	 0.001400 	 0.194100 
3134 	 15.251000 	 0.062800 	 0.326800 	 0.004500 	 1.029500 
3135 	 0.676400 	 0.008700 	 0.031600 	 0.001800 	 0.205900 
3138 	 0.446700 	 0.005100 	 0.022600 	 0.001200 	 0.239700 
3140 	 0.168300 	 0.002900 	 0.008300 	 0.001100 	 0.190700 
3143 	 2.015800 	 0.007100 	 0.030300 	 0.000700 	 0.098700 
3144 	 0.100300 	 0.003000 	 0.007700 	 0.001600 	 2.245200 
3146 	 0.227500 	 0.003700 	 0.015600 	 0.001100 	 0.220300 
3147 	 0.064000 	 0.002100 	 0.005700 	 0.000800 	 0.084500 
3148 	 0.197000 	 0.007000 	 0.031100 	 0.002700 	 0.778400 
3149 	 0.123900 	 0.001900 	 0.005300 	 0.000700 	 0.093300 
3152 	 0.541100 	 0.002600 	 0.007200 	 0.000500 	 0.081000 
3154 	 0.456000 	 0.009700 	 0.042300 	 0.002600 	 1.252600 
3155 	 1.663000 	 0.014300 	 0.038800 	 0.002400 	 0.382200 
3156 	 0.383100 	 0.014400 	 0.063900 	 0.003800 	 0.895900 
3157 	 0.103400 	 0.003400 	 0.011100 	 0.001400 	 0.434500 
3159 	 0.514400 	 0.007400 	 0.020700 	 0.001600 	 0.315800 
3160 	 0.210700 	 0.004200 	 0.020000 	 0.001200 	 0.136000 
3164 	 142.048100 	 0.044500 	 0.170300 	 0.002200 	 0.319600 
3166 	 0.201900 	 0.002400 	 0.008100 	 0.000600 	 0.096300 
3167 	 0.658100 	 0.006500 	 0.018500 	 0.001300 	 0.187800 
3168 	 4.762000 	 0.039500 	 0.125400 	 0.005800 	 1.574700 
3169 	 0.336800 	 0.015500 	 0.094300 	 0.003600 	 0.301100 
3171 	 0.500100 	 0.006600 	 0.018500 	 0.001600 	 0.226100 
3173 	 1.398700 	 0.013600 	 0.034200 	 0.002700 	 0.416000 
3174 	 5.652300 	 0.010700 	 0.040000 	 0.000800 	 0.082900 
3176 	 0.390400 	 0.006400 	 0.019400 	 0.001700 	 0.208400 
3177 	 0.068700 	 0.002300 	 0.008000 	 0.000900 	 0.110000 
3180 	 0.146100 	 0.002700 	 0.006400 	 0.001100 	 0.144600 
3181 	 12.506800 	 0.042200 	 0.284300 	 0.002800 	 0.281300 
3182 	 0.306000 	 0.005300 	 0.020100 	 0.001700 	 0.233100 
3183 	 0.636500 	 0.012600 	 0.043700 	 0.003100 	 0.422000 
3185 	 16.324600 	 0.050200 	 0.216700 	 0.004300 	 0.807500 
3186 	 0.970200 	 0.009600 	 0.045200 	 0.001600 	 0.205400 
3189 	 0.463600 	 0.010800 	 0.042100 	 0.003100 	 0.893300 
3195 	 0.117500 	 0.004300 	 0.015700 	 0.001700 	 0.352700 
3196 	 0.109300 	 0.002700 	 0.006900 	 0.001100 	 0.370200 
3201 	 0.227300 	 0.013200 	 0.069600 	 0.004300 	 1.046300 
3203 	 2.874100 	 0.019900 	 0.092200 	 0.002800 	 0.590600 
3205 	 0.422000 	 0.005200 	 0.021100 	 0.001600 	 0.877600 
3206 	 0.580800 	 0.014900 	 0.070900 	 0.004000 	 0.597300 
3207 	 0.147900 	 0.003500 	 0.016300 	 0.001000 	 0.109600 
3208 	 0.234300 	 0.006200 	 0.031900 	 0.002000 	 0.260100 
3210 	 6.295900 	 0.017600 	 0.081700 	 0.001800 	 0.316200 
3211 	 0.212300 	 0.007800 	 0.036800 	 0.003100 	 0.668900 
3212 	 18.187600 	 0.055700 	 0.187600 	 0.003700 	 0.557500 
3218 	 1.767100 	 0.030200 	 0.162000 	 0.005300 	 0.592800 
3222 	 0.733000 	 0.004200 	 0.011400 	 0.000700 	 0.106300 
3226 	 0.104800 	 0.002200 	 0.007400 	 0.000700 	 0.081100 
3229 	 3.034600 	 0.013300 	 0.045800 	 0.001700 	 0.326600 
3237 	 0.082900 	 0.002000 	 0.005700 	 0.000800 	 0.166900 
3244 	 0.481900 	 0.006500 	 0.033400 	 0.001400 	 0.196500 
3245 	 0.085400 	 0.007200 	 0.025800 	 0.003100 	 0.445400 
3247 	 0.640700 	 0.005700 	 0.016300 	 0.001200 	 0.203600 
3248 	 4.433100 	 0.009400 	 0.042600 	 0.001000 	 0.165000 
3249 	 1.277500 	 0.010900 	 0.035200 	 0.001800 	 0.210200 
3252 	 0.312500 	 0.005700 	 0.021800 	 0.001600 	 0.290100 
3265 	 1.825000 	 0.012400 	 0.062700 	 0.001800 	 0.226100 
3267 	 0.752200 	 0.012600 	 0.056500 	 0.002800 	 0.555000 
3271 	 0.770900 	 0.011300 	 0.048600 	 0.002700 	 0.864600 
3272 	 0.131200 	 0.007500 	 0.050600 	 0.002700 	 0.375300 
3275 	 0.115000 	 0.005500 	 0.028200 	 0.002700 	 1.220700 
3280 	 0.775400 	 0.016200 	 0.076500 	 0.003500 	 0.852900 
3283 	 7.347700 	 0.048300 	 0.168700 	 0.005500 	 1.035700 
3285 	 0.195600 	 0.004300 	 0.012300 	 0.001500 	 0.170900 
3287 	 4.529100 	 0.029300 	 0.107400 	 0.002900 	 0.478800 
3291 	 0.213700 	 0.007600 	 0.033500 	 0.002700 	 0.581900 
3292 	 0.365400 	 0.007200 	 0.027700 	 0.001900 	 1.187300 
3296 	 0.509600 	 0.010300 	 0.054300 	 0.002900 	 0.480400 
3299 	 0.208000 	 0.025500 	 0.062300 	 0.008500 	 2.937000 
3302 	 0.223100 	 0.005500 	 0.030700 	 0.001700 	 0.277200 
3303 	 0.144800 	 0.007200 	 0.026800 	 0.003300 	 0.473000 
3308 	 0.693100 	 0.012100 	 0.047600 	 0.003100 	 0.641700 
3313 	 0.192600 	 0.003100 	 0.010400 	 0.001100 	 0.333600 
3314 	 0.528500 	 0.007700 	 0.022000 	 0.002200 	 2.086300 
3315 	 0.328300 	 0.007900 	 0.030600 	 0.002800 	 0.469600 
3318 	 0.068000 	 0.002200 	 0.008200 	 0.000700 	 0.064900 
3319 	 0.202700 	 0.005400 	 0.014800 	 0.002100 	 0.604500 
3320 	 0.224100 	 0.003200 	 0.010200 	 0.001100 	 0.242700 
3323 	 0.184100 	 0.003300 	 0.011000 	 0.000900 	 0.104500 
3325 	 0.145500 	 0.004600 	 0.020300 	 0.001900 	 0.899400 
3326 	 0.043000 	 0.000800 	 0.001500 	 0.000300 	 0.032900 
3327 	 0.149400 	 0.007200 	 0.029400 	 0.002500 	 0.236300 
3328 	 0.099400 	 0.002800 	 0.012100 	 0.001000 	 0.154000 
3330 	 0.425100 	 0.009000 	 0.043000 	 0.002300 	 0.588800 
3336 	 0.250700 	 0.005100 	 0.016600 	 0.001600 	 0.521600 
3337 	 0.276800 	 0.007600 	 0.031300 	 0.002000 	 0.190000 
3338 	 0.109600 	 0.003000 	 0.014400 	 0.001100 	 0.179200 
3340 	 0.353500 	 0.006100 	 0.022600 	 0.001700 	 0.237900 
3347 	 3.407500 	 0.031200 	 0.133900 	 0.004700 	 1.187600 
3349 	 0.311800 	 0.006300 	 0.014900 	 0.002400 	 0.532500 
3354 	 3.637000 	 0.029500 	 0.123100 	 0.003800 	 0.547200 
3355 	 0.527800 	 0.011800 	 0.074000 	 0.002700 	 0.366600 
3357 	 0.111400 	 0.002000 	 0.004400 	 0.000800 	 0.124800 
3362 	 12.803600 	 0.037800 	 0.173500 	 0.003200 	 0.303100 
3369 	 1.816900 	 0.015700 	 0.071300 	 0.002200 	 0.578300 
3372 	 2.094800 	 0.030500 	 0.183300 	 0.004200 	 0.373800 
3375 	 0.178200 	 0.002300 	 0.005700 	 0.000800 	 0.492500 
3376 	 0.303100 	 0.006200 	 0.026200 	 0.001900 	 0.231700 
3380 	 2.388200 	 0.022900 	 0.095800 	 0.002700 	 0.256000 
3381 	 0.563300 	 0.007400 	 0.038700 	 0.001900 	 0.595000 
3386 	 8.358700 	 0.022800 	 0.089100 	 0.002200 	 0.549800 
3389 	 0.720200 	 0.005900 	 0.024100 	 0.001200 	 0.282400 
3390 	 0.181100 	 0.006100 	 0.032200 	 0.002200 	 0.313500 
3395 	 11.157800 	 0.034900 	 0.207500 	 0.003800 	 0.611500 
3404 	 7.115200 	 0.023300 	 0.091500 	 0.002900 	 1.524600 
3407 	 0.853500 	 0.007700 	 0.033100 	 0.001200 	 0.142400 
3408 	 1.151000 	 0.015200 	 0.078400 	 0.002800 	 0.507000 
3411 	 0.162800 	 0.005400 	 0.017300 	 0.002100 	 0.321000 
3417 	 0.206400 	 0.010200 	 0.051900 	 0.003600 	 1.968000 
3422 	 1.020700 	 0.010000 	 0.032400 	 0.001900 	 0.314800 
3424 	 0.073800 	 0.003200 	 0.009100 	 0.001600 	 0.435000 
3425 	 0.460300 	 0.007700 	 0.033300 	 0.001800 	 0.381700 
3430 	 43.425400 	 0.038800 	 0.119700 	 0.002500 	 0.323800 
3438 	 0.043800 	 0.005100 	 0.021200 	 0.003300 	 0.350700 
3446 	 3.682200 	 0.045000 	 0.276500 	 0.006600 	 1.040000 
3447 	 0.942700 	 0.011300 	 0.054800 	 0.001900 	 0.214300 
3456 	 0.248200 	 0.005000 	 0.020100 	 0.001500 	 0.172600 
3461 	 0.244400 	 0.007100 	 0.036800 	 0.002600 	 1.224300 
3462 	 0.126300 	 0.003400 	 0.016800 	 0.001000 	 0.096800 
3465 	 6.147300 	 0.029700 	 0.205600 	 0.003100 	 0.728100 
3468 	 6.878800 	 0.046300 	 0.205600 	 0.005600 	 2.655300 
3470 	 1.366500 	 0.010000 	 0.036900 	 0.001700 	 0.246900 
3473 	 0.181900 	 0.006400 	 0.023000 	 0.003000 	 0.726400 
3474 	 0.069300 	 0.003300 	 0.015800 	 0.001500 	 0.359100 
3475 	 8.066100 	 0.064300 	 0.415100 	 0.006300 	 0.831400 
3476 	 1.928500 	 0.015700 	 0.056400 	 0.002400 	 0.717400 
3478 	 0.794400 	 0.011800 	 0.048500 	 0.002400 	 0.320300 
3481 	 25.021200 	 0.077000 	 1.057700 	 0.006800 	 1.224500 
3499 	 0.221500 	 0.018400 	 0.123300 	 0.006300 	 1.738800 
3500 	 0.093300 	 0.002900 	 0.009900 	 0.001000 	 0.109500 
3506 	 0.105700 	 0.004700 	 0.016900 	 0.002300 	 0.675100 
3512 	 0.220400 	 0.009300 	 0.036600 	 0.003400 	 2.937400 
3514 	 0.236400 	 0.002100 	 0.006500 	 0.000600 	 0.076600 
3518 	 1.041400 	 0.014000 	 0.051900 	 0.002900 	 1.326700 
3524 	 0.289300 	 0.016300 	 0.100000 	 0.005600 	 2.694000 
3529 	 0.509100 	 0.007500 	 0.027600 	 0.002000 	 0.433300 
3531 	 0.129500 	 0.003700 	 0.015200 	 0.001500 	 0.446900 
3539 	 0.202400 	 0.004200 	 0.017800 	 0.001100 	 0.130300 
3542 	 0.497900 	 0.004500 	 0.021500 	 0.000800 	 0.083400 
3551 	 0.146000 	 0.003900 	 0.013900 	 0.001500 	 0.228700 
3553 	 0.193600 	 0.004300 	 0.021300 	 0.001600 	 0.717400 
3558 	 1.097200 	 0.010600 	 0.047800 	 0.001900 	 0.361100 
3577 	 2.978100 	 0.017000 	 0.080600 	 0.002200 	 0.604800 
3578 	 0.446000 	 0.014200 	 0.081900 	 0.004300 	 42.958200 
3583 	 0.211100 	 0.005200 	 0.016200 	 0.001900 	 0.520800 
3586 	 1.143800 	 0.014300 	 0.051600 	 0.002500 	 0.418600 
3597 	 0.239500 	 0.007900 	 0.021200 	 0.002600 	 3.905100 
3599 	 3.132200 	 0.021300 	 0.132200 	 0.002500 	 0.488400 
3602 	 0.253200 	 0.007600 	 0.043400 	 0.002400 	 0.272800 
3606 	 0.657700 	 0.009300 	 0.033000 	 0.002000 	 0.298100 
3607 	 0.152700 	 0.001700 	 0.007700 	 0.000400 	 0.076900 
3610 	 0.442900 	 0.003700 	 0.016200 	 0.000700 	 0.095900 
3613 	 0.247900 	 0.008100 	 0.031900 	 0.002600 	 0.424000 
3619 	 0.157000 	 0.010800 	 0.056000 	 0.004500 	 2.012300 
3628 	 0.192800 	 0.002200 	 0.008100 	 0.000800 	 0.273900 
3634 	 0.518600 	 0.023800 	 0.155300 	 0.006600 	 4.914500 
3641 	 0.144400 	 0.005000 	 0.022300 	 0.002100 	 0.547200 
3646 	 0.424100 	 0.005000 	 0.025500 	 0.001200 	 0.165800 
3647 	 0.302600 	 0.005500 	 0.028700 	 0.001100 	 0.105300 
