1000 -34.998600 1.152833 -0.703960 72.193693 -0.093920 0.360770 2.656110 0.478662 2.056935 3.110255 5.662700 2.752979 1.820655 12.764347 17.926632 -6.197703 169.012658 3.387113 -0.741957 -77.893796 -10.495881 -45.327404 1.433035 0.148619 8.383470 22.527604 5.028386 29.264191 -2.060584 
1001 2.126200 0.985760 -1.876373 71.010474 0.029040 0.023637 1.576678 -0.074181 1.352864 1.372552 16.622155 12.286646 12.110405 0.000079 21347.027103 -37.376405 216.292451 4.766939 -1.827634 58.209471 19.979215 -179.242580 5.491576 2.190152 10.127834 34.126718 0.751935 48.011007 -2.567644 
1005 -31.405200 1.302156 17.309930 74.750503 0.630984 -0.124339 2.112231 0.068263 3.065886 7.567381 17.548405 5.723763 2.318954 18.847422 17.944864 -2.234236 -28.553992 15.105709 1.341683 -4375.111706 -0.669630 0.000000 149213019874732677542748725925237843675369308087481959591759338012672.000000 -521.235650 26.303836 11.480219 0.257902 31.676501 -1.810950 
1011 -17.609200 0.984708 8.418030 72.516165 1.000000 1.000000 1.491262 -0.173742 1.247620 1.755426 9.674073 7.754020 5.510953 4.428759 43.788765 5.337502 -0.000000 1749713795872134841085185706773544544253205544960.000000 -401.656226 55.804779 8.674008 0.509363 136.666208 10.065136 6.830964 2.506039 0.148576 39.385748 -2.062693 
1012 112.946100 1.002389 77.177979 73.904893 1.108754 0.234229 1.550573 -0.153967 1.065212 1.141638 3.091439 2.902183 2.707897 0.000000 518034.034153 -74.058283 -2.290353 40.205114 8.709783 -830.483764 0.964282 50.176586 2.344372 -0.364089 1.549560 -49.460455 10.379536 22.178599 -2.492971 
1013 -57.630200 1.128793 -34.580130 68.471250 0.224219 0.030547 1.581438 -0.002202 1.610696 1.639331 3.030959 1.881769 1.848900 11.672271 25.696845 -4.470296 -0.000000 72291444525268737987653901254832136474591232.000000 -461.006177 -83.682333 -8.183266 -17.200892 21.219154 -3.130744 224.828089 1.632378 0.513966 37.856351 -2.065911 
1015 -10.160900 1.009750 16.917983 69.763650 0.147945 -0.153115 1.058838 -0.091716 2.069790 3.169484 5.982638 2.890457 1.887575 80.592480 5.121448 4.399887 -277.003289 2.023877 -0.656682 201.682695 -4.458830 347.058259 2.321180 9.216842 8.633851 2.430046 0.148581 15.528554 -2.689010 
1016 65.300600 0.990418 14.088280 69.084838 0.402285 -0.331588 1.129989 -0.031175 1.032262 1.058433 3.715371 3.599251 3.510255 0.713622 116.214355 9.594812 -1.358700 81.151043 8.080850 1873.406932 -0.557839 -1.478617 76.229863 8.224509 -0.000000 -0.000048 -25.269912 35.672885 -1.886731 
1017 -57.648600 1.066759 -18.506846 69.520015 0.485925 0.164238 1.979471 0.242278 13.959319 13.959339 53.975682 3.866642 3.866636 -1.300134 156.157263 4.682877 15.143050 35.854195 1.472664 3013.609879 1.067624 -563.801111 1.790335 1.001903 15.144407 35.852753 1.472442 57.377597 -1.691484 
1018 -45.078500 0.988922 -36.079633 74.867341 -0.042661 -0.004056 1.126855 -0.217026 1.538996 1.647621 6.804209 4.421201 4.129717 19.591582 17.113406 3.253790 0.000000 163702497759631863698298901626880.000000 397.775437 105.994351 7.064710 2.169737 49.215241 8.889090 12.256724 -10.897657 0.408097 29.849474 -2.445661 
1021 140.553400 1.039000 103.288354 78.791539 -0.431205 0.282375 1.795602 -0.306474 1.162176 1.168392 3.361420 2.892351 2.876961 0.000000 9969932189324981983344852992.000000 -1063.863384 45.758668 6.804890 22.847909 -1.437444 -4628448.075341 -0.870976 51.712493 68.578195 -73225.167258 -64457.124831 -10.475097 22.178599 -2.300780 
1024 -3.842100 0.964745 -3.966667 74.758749 0.417798 0.043165 1.074696 0.085787 1.097062 1.126732 3.348683 3.052410 2.972030 16.917477 21.515066 4.886807 7.614566 32.151196 6.066922 70.789169 4.272937 4.701552 7.472516 0.209536 -12.080655 25.579846 5.508241 38.613478 -2.364593 
1025 -41.633200 0.968968 -13.595926 73.433746 0.227928 -0.050131 1.409557 -0.517221 2.330818 2.377013 26.832152 11.511906 11.288182 10.322209 61.926115 -5.054417 25.103797 38.893013 2.585664 2320.328995 -1.765507 381.550867 3.095374 0.794855 -24.856226 -39.047942 2.657305 72.768667 -2.172997 
1026 15.727100 1.102375 44.029623 83.507945 0.253787 0.593643 0.931205 2.479259 2.258339 3.466978 15.535922 6.879358 4.481113 36.995263 9.669316 -7.472728 -31.487882 10.570375 0.465281 1908.285275 1.524509 342.717345 2.814726 5.404310 -16.117761 3.167547 0.148581 17.144779 -2.056293 
1027 105.638800 1.362640 82.208344 76.392295 -0.099076 -0.772566 4.748098 -2.508935 1.338508 2.263541 2.589620 1.934707 1.144057 79.889042 6.561059 4.994304 0.607325 69.277837 30.792248 252.023606 -2.877456 -43.193820 8.480846 8.303761 -22.381653 1.504133 0.148583 21.317377 -2.658122 
1028 7.028000 0.972833 3.066549 64.788618 0.214804 0.061759 1.450387 -0.193767 1.439166 1.462030 2.860758 1.987788 1.956703 0.000000 1240140141808612091466199582781680906965079863633509351424.000000 -719.816089 -1.351357 56.739953 6.301545 753.753789 -1.320892 224.443911 2.151881 1.484630 -3.442615 34.180057 3.365717 27.576300 -2.595197 
1030 -34.639700 1.027496 15.380929 68.418486 0.090440 -0.013361 0.909947 0.079932 1.626175 1.629206 3.476936 2.138108 2.134129 -96.304082 7.135069 2.462744 -0.000000 249321.662718 -892.103675 278.628123 4.338913 0.000002 33267.320277 668.108793 -50.917228 7.283915 0.961712 23.074615 -3.263685 
1032 111.792400 1.057068 106.197182 84.069280 0.067115 -0.149234 1.883209 0.046320 4.470924 4.473911 28.619532 6.401257 6.396983 11.134663 62.974168 7.572430 -126.218241 15.489183 2.877986 12.360486 -135.635462 3.188876 169.560803 0.755755 123.010583 15.772345 2.908882 96.016711 -2.245531 
1036 31.300200 1.042359 28.570600 73.471462 0.063237 0.068790 0.824522 -0.169121 1.123496 1.124375 2.330845 2.074636 2.073014 163.777801 3.844117 7.142328 187.549747 3.566416 -3.785000 3.101796 36.330987 215.943674 3.207215 3.395068 0.000064 24485.627870 12.034904 17.144779 -2.614916 
1038 62.360600 1.072690 -8.629324 70.239201 -0.378153 0.707587 1.608380 1.839429 1.909498 1.945845 7.677022 4.020439 3.945342 0.000000 30891001839603766626599222505801515008.000000 -968.965839 12.632669 15.307945 -2.143577 2779.551839 -1.014717 387.756239 1.871223 0.775197 -12.613923 15.282483 2.378201 22.178599 -2.366631 
1041 -34.517400 1.056969 27.773547 63.877232 0.415941 0.001656 0.678888 0.131832 1.923895 1.945165 7.453302 3.874069 3.831706 76.941095 9.817950 -2.141882 74.062572 10.072126 1.639560 -4668.613788 0.769883 377.498727 1.725701 -0.520851 75.074392 -10.003757 1.679886 29.264191 -1.406850 
1042 123.911100 1.130153 156.642410 87.253720 -0.197480 -0.163084 0.867976 -0.596581 2.824476 2.997461 8.295491 2.937002 2.767506 17.117595 12.635601 -10.540337 36.364347 8.803332 1.469119 -4395.186862 -0.810102 312.324346 1.798000 0.399901 -39.595806 8.400716 1.970859 19.693961 -2.114953 
1044 8.841100 0.988353 22.624234 82.868937 0.499205 0.010625 1.447352 -0.028060 1.291332 1.187692 6.845400 5.301036 5.763613 -1.433000 178.484784 4.864304 0.000004 506802.036770 20.626010 -44.310419 16.973475 -3.281837 108.443019 3.681594 131.428210 1.879125 1.688935 86.965293 -1.809328 
1047 16.536200 0.996981 42.928603 83.225821 0.615846 -0.339769 1.746989 0.049116 1.801089 1.703866 9.875589 5.483122 5.795989 15.392353 22.619389 3.810245 -0.000000 1649373792876677795130613431449769903342033795082524557312000.000000 -634.348139 -101.892097 7.819952 250.740183 1.796671 0.454317 22.614282 18.665233 2.568765 39.385748 -2.402729 
1050 25.117100 1.109502 -3.495419 81.943426 -0.524543 -0.016544 0.245422 0.767670 2.259841 3.080114 9.764560 4.320906 3.170194 -58.236269 13.263568 -5.671059 550.279574 3.355636 2.639285 -134.554468 -11.041355 -101.766398 9.338901 -6.101298 -7.963178 -15.735815 0.175595 37.114070 -1.864648 
1053 3.818500 1.063041 1.243169 77.184091 0.437149 0.113467 0.751176 -0.186276 1.153965 1.187504 4.308563 3.733704 3.628252 99.811256 4.907530 -3.284721 -869.917524 1.411114 8.035942 -106.001235 -4.458981 -230.163179 1.512854 -0.401586 -79.170460 5.506293 2.318864 15.224073 -1.617131 
1057 58.971200 1.049114 51.060587 59.429926 0.045695 0.012956 1.934645 0.090759 1.184662 1.227456 4.989575 4.211813 4.064974 19.955851 19.774287 -5.210393 -45.054970 11.292113 -4.670899 -23.179211 -14.693336 -23.087743 17.775657 5.312171 1.980302 -6.552163 0.148591 37.114070 -1.986201 
1059 -27.899000 0.985643 22.352950 74.808697 1.565126 0.149874 1.513495 -0.119339 1.510436 1.526463 4.366474 2.890871 2.860518 13.406641 13.961031 -4.240672 31.950622 5.916415 -19.226273 63.433423 6.850338 3.467527 23.818068 11.914314 7.758764 10.187572 0.482022 20.087841 -2.071782 
1061 69.773200 1.282260 8.879625 65.364812 0.099205 -0.994605 0.753393 0.172326 1.434304 1.892673 5.829996 4.064687 3.080298 -268.830253 6.205806 4.186285 1981.191481 2.029451 12.277834 -184.798323 5.831940 410.584276 4.847763 6.414088 -9.041900 9.519789 0.158859 30.446464 -3.049606 
1066 -102.185300 1.208828 -10.071894 64.184978 0.285438 -0.554654 1.668505 -0.015053 1.648717 2.300001 8.224420 4.988376 3.575833 35.496888 15.660236 -2.221792 -0.000000 144217346962162627677981315907302292821400189799635972259840.000000 -491.197922 -202.661434 6.944823 1.799834 63.875960 -8.108508 -28.973236 10.787852 0.432847 37.114070 -1.584437 
1067 -183.000700 1.126073 -49.794370 67.960249 -0.095327 -0.462701 0.896868 -1.105862 1.209285 1.254973 2.585277 2.137857 2.060025 112.414001 3.310878 -1.842901 -0.000000 855774370.442712 -408.628385 -413.244576 -1.960330 217.345680 1.831505 12.725800 -40.399537 3.635471 0.599331 10.044475 -1.298206 
1069 -105.389100 0.970629 -81.003844 66.331316 -0.079387 0.154563 1.221728 0.221225 1.576403 1.543927 6.839402 4.338614 4.429874 0.064356 567.423919 -15.639594 -3.234569 63.491438 6.415666 3017.744833 -0.868937 34497113.847752 0.011525 -42.884603 5.259079 47.047249 3.571104 48.971227 -2.566829 
1071 39.380700 1.243961 5.697310 74.103092 -0.009928 -0.121738 0.417427 1.315998 2.749787 5.211530 14.966600 5.442823 2.871825 -81.226599 7.773398 -3.319538 61.291736 9.103360 1.293225 5194.973312 -0.936518 21.606540 9.446276 0.279010 -2811.508679 -1.141538 34.959939 23.536107 -1.634060 
1075 41.288900 0.983527 22.796346 78.481344 -0.389729 0.299637 6.025616 0.081633 1.014722 1.169351 2.272372 2.239404 1.943276 -22.259535 13.411297 -7.726402 -32.762273 10.884803 6.351758 -0.461467 -4792390.178846 3.013801 2.701759 0.148584 -12.589867 17.610981 11.345982 25.985764 -2.036468 
1076 25.428200 0.990634 73.645733 71.756738 -0.019854 -0.015880 1.046731 -0.391589 2.605591 2.682468 13.286971 5.099408 4.953263 -1.131172 124.634905 -11.062852 -18.837025 27.004582 -3.106362 -3113.068629 1.234360 -988.630721 1.829953 -1.908850 20.518343 25.914896 2.373539 53.008031 -2.381376 
1079 192.754500 1.008858 156.329128 85.265491 0.424998 0.007294 4.638214 -0.469176 1.821823 2.441394 6.223561 3.416118 2.549184 0.000000 19868178772082446586339676866767233841364992.000000 -954.069914 832.574662 2.436981 -6.354752 40.933724 -16.899527 10.716419 27.009790 4.519473 -553.795790 2.163654 0.985602 36.386343 -2.402020 
1080 -45.245800 0.967698 -20.045347 71.970030 0.416777 1.565536 1.430107 -0.082207 0.994001 1.002890 2.434410 2.449102 2.427393 7.054695 36.260020 4.544041 -7.210792 35.824879 -4.496374 615855.494747 0.190363 7.164177 35.934613 4.518932 42.546099 -70.783545 -0.044660 41.796471 -2.158831 
1082 57.798300 0.982302 68.003849 67.297593 0.339293 0.016785 1.134576 0.061601 2.829498 3.120262 9.475543 3.348842 3.036778 5.253735 47.097165 -5.718280 18.443172 24.429713 1.823658 1250.700424 -1.730451 -193.760620 3.070880 0.696616 18.509057 24.334105 1.959217 41.796471 -2.282241 
1083 118.517900 1.000192 73.788356 86.302365 0.189006 0.060670 1.239880 -0.039369 2.508655 2.512802 6.869631 2.738372 2.733853 -0.000000 64185950807012747474482011792642564347381230104119071465275392.000000 -874.978056 -6.625863 34.941263 2.999671 1880.345053 1.570245 -363.593636 2.618588 1.046211 6.838158 34.385663 2.874766 31.676501 -2.545427 
1084 -31.724800 0.972964 -21.842423 94.564967 -0.568093 -0.217798 0.587129 -0.086474 1.470926 1.630514 2.707385 1.840599 1.660449 3.406759 27.654882 -18.893861 -0.000000 14155982477123301376.000000 227.695265 -239.823652 -2.062621 12.660125 1.459200 0.148597 0.038444 297.679070 33.805271 22.622171 -2.214072 
1088 -42.781800 0.974253 -18.904912 61.373762 0.538193 0.287608 2.595433 0.104494 1.691551 1.716340 11.149808 6.591469 6.496271 -1.232511 118.481435 -5.782553 -3.852209 60.969697 -3.941713 4033.271719 0.665393 -248.795678 1.609242 0.564888 3.797047 61.447938 3.972769 56.252546 -2.541562 
1089 -44.560100 0.998181 -11.471749 89.102848 0.438284 0.080096 0.904075 -0.090571 1.227830 1.427188 3.300256 2.687876 2.312419 79.574849 7.365367 -5.950400 -397.975128 2.752919 -1.892024 -99.678335 8.261331 -129.975743 5.578858 -5.268377 -3.886041 4.522883 0.148587 24.006829 -1.830510 
1090 12.318000 0.961087 51.513646 72.804205 0.343876 -0.635821 0.824057 0.102781 2.057016 2.112893 22.258676 10.820855 10.534691 -14.285300 32.653178 -2.902094 21.275303 26.455942 2.076387 -3744.916906 -0.837134 -299.924774 1.922098 -0.562865 21.287784 26.440638 2.084048 50.949664 -1.970851 
1094 -16.134700 1.008282 -25.100255 64.535313 -0.235169 0.157411 0.733957 -0.401916 1.058566 1.205193 3.033753 2.865909 2.517235 -70.093632 5.256282 -8.323855 -17.623673 9.453053 -791.763947 67.289645 -3.236368 142.950336 3.562781 -20.332290 -3.543032 2.336466 0.148585 18.194176 -1.908138 
1101 -18.811100 0.962503 20.783875 78.917400 -0.095423 0.048329 1.084757 0.145578 2.765735 2.862914 6.067427 2.193784 2.119319 8.440085 31.268553 -6.712390 40.717761 10.096165 -9.001111 -54.419791 -11.994041 -469.368612 2.032542 -1.536112 -23.311442 18.562756 2.014925 36.386343 -2.175925 
1102 -10.761500 1.020480 -8.012701 66.632076 0.521793 0.039652 0.512676 -0.347613 2.363785 2.864504 8.183949 3.462222 2.857021 -39.499497 7.559099 -4.050532 -0.000000 30328177661255788778426283502122556065044100022272.000000 -329.660720 353.293083 2.693265 -0.000000 9339006502645088154321682432.000000 409.534515 32.789612 5.040663 0.462534 18.929221 -1.802868 
1103 -101.362100 0.985901 -79.538894 67.499304 0.654732 0.458441 1.342232 0.058491 1.158815 1.357848 7.870818 6.792129 5.796537 2.112178 51.766623 -9.321083 -9.465987 23.786168 2.722981 -715.289708 -1.679526 5.403962 31.781548 5.230096 -37.295586 3.476952 0.252717 32.310031 -2.325076 
1107 11.272700 1.030730 15.868755 78.198879 -0.085449 -0.775008 0.999790 2.089517 1.154551 1.265196 1.576924 1.365834 1.246387 396.808111 1.983318 -3.677649 289.005748 2.300454 2.419186 -1.295961 -13115331.150341 -303.364278 2.253833 2.886525 0.000000 -0.000000 -45.237456 11.311710 -1.414309 
1109 58.927200 1.013528 7.333244 64.862037 -0.265717 0.164478 0.604181 -0.049035 1.118031 1.398362 20.656245 18.475549 14.771746 0.000009 104500.110945 -26.014640 0.000000 120814449585923293576370172943739005423636357687815707898238566874594617426182144.000000 -565.049018 -17.442460 12.889542 290.769758 1.856410 0.729868 2.539963 67.574803 4.381456 45.241844 -2.943245 
1111 -7.504300 0.976785 12.993511 66.763829 -0.600612 0.019633 0.810373 0.115979 1.035795 1.039879 2.912139 2.811502 2.800459 11.283975 17.609101 -5.325277 -12.431674 16.747892 4.951046 -206538.256452 -0.240518 12.465107 16.724357 4.942816 76.471232 1.375243 0.175223 25.985764 -2.081967 
1112 24.480000 0.982146 23.901352 65.440149 0.240544 -0.015879 1.338066 -0.012695 1.359108 1.394980 4.598547 3.383504 3.296495 1.309653 106.451699 -8.171196 -74.274388 8.029022 2.581357 36.460539 24.187877 -41.127593 12.219960 -3.307880 5.427105 40.251460 0.656344 48.011007 -2.442728 
1114 28.502800 1.068017 58.190645 64.978147 0.470590 1.732955 1.005508 -0.021062 1.034509 1.154130 1.386149 1.339910 1.201034 122.412622 4.292147 2.505085 217.907253 2.529272 8.837151 -192.839822 3.001842 124.157668 4.137087 3.135643 -5.216016 1.726834 0.148583 15.528554 -3.389817 
1118 -77.002300 0.917399 3.910094 74.626496 0.225975 0.009579 1.383527 -0.001485 2.629171 5.510539 26.585460 10.111726 4.824475 15.275213 103.416001 5.713499 -25.458979 79.821669 3.429552 1614.877766 -4.426064 -132.591865 8.334889 0.251858 19.776000 90.750770 4.608723 160.676103 -2.277510 
1120 -32.711500 1.065319 -0.451999 70.123388 0.134135 0.295695 0.785375 0.435495 1.087535 1.097110 4.268415 3.924854 3.890599 -245.717922 3.031119 6.425015 -27.597424 8.189115 1.494878 -1752.335486 1.237360 421.386604 2.306694 -7.109076 -2.517777 2.667174 0.148580 16.808606 -2.761729 
1122 33.664500 0.981146 50.631226 83.907690 -0.110762 0.287460 1.125743 0.146594 2.026852 3.158643 7.622992 3.761000 2.413376 31.010341 10.040061 -4.005012 84471749704456616346110337873076756328480768.000000 0.000000 366.310009 115.790146 6.071525 1.042397 50.759400 -29.244016 12.031536 8.263463 0.181770 21.743725 -1.865475 
1123 90.904800 1.000745 55.707312 76.177782 -0.089629 0.377366 3.708945 0.180941 1.411853 1.420821 3.410041 2.415294 2.400050 0.000000 1433744268722605274336542883022938868077821952000.000000 -663.560328 0.647261 89.580490 12.166840 2880.551598 -0.720798 0.529677 99.729580 12.906798 281.351490 1.492683 0.707391 28.127826 -2.554185 
1124 13.200400 1.044623 9.540017 82.102005 0.517474 0.401573 1.754088 -2.143934 1.325398 1.347705 5.149502 3.885249 3.820940 22.202278 16.832222 -6.129327 -0.000000 454827290476337967398912.000000 -584.928240 82.271894 6.660065 0.000000 1701551488498899968.000000 416.318832 -14.074807 10.797304 0.731324 32.310031 -2.005655 
1126 14.018500 0.987991 47.423197 66.593860 0.100031 0.227817 1.962611 0.412347 1.351419 1.367093 5.925113 4.384366 4.334096 2.468289 51.854698 -7.986480 6.467313 30.725840 5.320916 6745.854519 0.539555 250.975066 1.478023 -0.492786 6.419415 30.839735 5.358898 30.446464 -2.369800 
1128 2.749100 1.008548 10.685689 91.659126 0.087101 0.294222 1.975371 0.363429 3.754427 3.773297 12.147569 3.235532 3.219351 0.494137 144.171989 -13.217035 -23.581076 17.861415 -2.040863 3589.023074 1.050816 -777.581928 1.674632 1.126460 -23.566176 -17.879315 1.994056 36.386343 -2.440331 
1130 25.343700 1.017578 -7.631682 77.639771 -0.166627 0.185373 2.693731 0.258582 2.511872 2.552532 4.614010 1.836881 1.807621 1.267385 58.288140 -17.634050 -20.153793 13.885691 3.250396 -4067.987161 0.791059 473.608534 1.550176 0.748755 20.141862 -13.877738 3.397785 24.976705 -2.299947 
1132 21.993900 0.988024 22.710522 78.554416 0.150495 0.055173 1.087362 0.051585 2.175489 2.192372 13.927999 6.402239 6.352936 0.995989 128.270678 -11.387929 -284.922755 4.024919 -1.205443 115.414727 14.992116 290.606027 3.882665 1.130622 21.742973 24.999099 1.113701 47.069614 -2.406094 
1135 96.390600 1.019914 71.469741 79.693173 1.377683 0.200849 1.509039 0.219492 1.010949 1.051798 2.798038 2.767736 2.660243 0.000585 3102.782341 -33.570047 1.959517 38.329344 6.853439 -411.677183 1.163156 8.958160 0.911583 0.148579 -0.082006 213.581856 17.100968 22.622171 -2.526803 
1136 -148.788300 1.200200 -39.229176 74.302335 0.124326 -0.936695 1.023938 -1.457624 1.925386 2.040951 3.884619 2.017580 1.903338 -60.136022 5.410022 -2.406439 97.567301 2.648164 0.510731 161.147234 -4.458824 38.117502 6.709619 1.454748 -55.956130 2.687187 0.357176 13.788912 -1.575094 
1137 5.333200 0.992352 -0.169177 79.069391 0.510323 0.737905 1.843246 0.092762 0.994115 1.082380 1.807881 1.818584 1.670283 50.874247 6.301589 -9.223320 30.555415 7.934333 13.051453 38.019201 -2.486504 -36.147938 7.417887 -10.728690 -4.600531 1.737497 0.148637 19.693961 -1.953892 
1138 270.844000 1.011869 244.055436 82.630212 0.423052 0.061873 1.090941 0.012787 1.223516 1.224045 3.996217 3.266175 3.264764 2.958285 41.096848 -16.288735 259.077742 3.334662 -1.700689 -58.356065 12.413923 251.544606 3.423174 1.777506 -10.509417 21.095902 0.932640 27.576300 -2.248127 
1139 -2.071100 0.991104 11.514437 64.059636 -0.565478 -0.781746 2.152632 -0.217128 2.070521 2.481961 2.734502 1.320683 1.101751 7.310787 18.002591 -5.038488 -0.000000 2662505377076836153950208.000000 -711.588145 46.351210 -6.886763 0.000000 3947735330056348631040.000000 -301.869859 7.054878 9.517419 0.410958 20.087841 -2.195430 
1140 5.820200 1.238281 7.183311 67.363026 0.533777 0.234974 1.860376 -0.041035 1.044378 1.320040 8.171572 7.824345 6.190398 26.339925 15.623640 -12.587528 308.094937 4.007204 2.880306 42.347459 14.894097 164.420462 5.889150 4.177237 -6.056120 19.832687 0.167820 31.676501 -2.080149 
1142 24.944800 1.023133 13.610944 74.156742 0.897249 -0.032541 3.261620 -0.375191 1.322292 1.285445 6.743691 5.100000 5.246193 0.733765 184.871303 11.614767 0.000000 6418571446191260668857204796636456195981312.000000 419.521951 -51.675534 10.218449 4.985055 64.156059 6.706552 -229.414234 2.171001 0.629204 63.349504 -1.951855 
1144 -30.554700 0.996683 -13.260714 71.616828 0.983369 0.074850 1.211576 -0.029731 1.425332 2.014752 4.086528 2.867071 2.028303 -18.128696 13.548365 -6.128786 -147.648644 3.643936 -1.283686 52.748058 -10.939987 -14.507026 1.553964 0.148585 -6.850736 22.501805 7.806203 24.486966 -2.025441 
1147 26.487400 0.991504 50.712572 70.192461 0.947555 0.136507 1.604244 0.031526 2.494000 3.224165 9.802484 3.930427 3.040317 0.077572 393.065525 12.494324 180.917670 3.050046 3.012208 62.578459 13.536860 -0.098621 261.803602 16.403167 -6.083546 7.967416 0.148637 31.055393 -1.748678 
1149 70.793000 1.113582 27.805289 61.300748 0.216024 0.128572 0.874248 0.020338 1.475254 2.334857 5.075008 3.440091 2.173584 -132.836229 6.446968 -6.714058 60.655051 9.471419 2.522724 -3586.164555 -1.100656 372.993886 3.703175 13.318887 6.551286 3.889626 0.148591 26.505479 -1.803024 
1150 2.329900 0.986819 0.551136 73.881099 0.549351 0.056706 0.995119 0.079864 1.494301 1.923062 3.413793 2.284542 1.775186 22.545759 10.968769 4.227232 0.000000 785907574762796.250000 603.946914 73.171338 -5.557255 12.495915 13.794795 8.149299 5.690026 2.941607 0.148585 20.489597 -2.418868 
1151 -51.498200 0.991001 -24.840627 68.883462 0.299415 0.226840 2.146485 0.331808 1.371108 1.396817 6.692912 4.881389 4.791546 -1.656518 95.605535 -9.225427 -10.374469 35.537368 3.754260 -1050.288114 1.608189 143.637096 2.858965 0.699564 9.384731 37.404047 4.204237 49.950651 -2.372007 
1155 35.050000 1.046586 -12.377898 70.269291 1.000000 1.000000 1.668300 0.020367 1.849816 2.937752 7.537028 4.074474 2.565577 1.239248 103.685306 -8.385412 -0.000000 790443886751087687719797385171086344192.000000 -556.261015 -59.604613 12.351044 0.011136 1316.357033 -19.705823 -8.667670 4.851317 0.148583 47.069614 -2.433506 
1159 -39.301600 0.979380 -22.494186 90.244162 0.033295 0.049526 0.983553 -0.078140 1.158908 1.390340 3.197441 2.759010 2.299754 28.150246 12.396435 -3.201764 42.540426 9.682179 2.488343 1.485172 -9994856.536454 -16.354662 15.968390 4.406847 -8.032752 -4.090653 0.149061 24.976705 -1.836362 
1163 46.154600 0.993290 63.485157 69.957261 0.584386 -0.036707 0.972994 -0.034655 1.307695 1.435400 3.536183 2.704133 2.463551 14.789364 13.017320 3.076953 0.000000 570539348557738100178412371968.000000 -381.749497 -68.996910 -5.637055 0.003695 1028.237514 25.728564 -10.069278 8.584521 0.487445 19.693961 -2.351046 
1164 -58.134800 1.025168 -12.380384 72.448922 0.148786 0.152500 1.369451 0.115536 2.332876 3.054823 26.988965 11.568965 8.834871 6.151508 36.993906 6.045314 -205.908143 3.355586 -0.693690 139.190819 -10.670443 3.230145 42.319815 11.824653 12.272954 4.496983 0.148579 34.287664 -2.085535 
1165 -52.534600 1.006310 -18.373990 71.971118 -0.489475 -0.325389 0.603187 -1.131539 1.242136 1.262122 3.534341 2.845373 2.800316 20.767217 11.588402 -6.391195 -0.000000 266538833513.754852 -494.326625 -52.609451 5.406860 18.279179 11.885184 -8.981437 2.766841 3.382571 0.148588 20.087841 -2.044575 
1166 -81.791600 1.059071 -30.420641 60.751341 0.056652 0.044783 0.831161 0.238775 1.090141 1.165576 12.716553 11.665055 10.910102 3.179946 91.503381 11.061004 -104.180430 12.104647 3.869223 -23.439883 39.564416 -54.918758 18.081314 4.846273 5.007841 47.911493 0.242196 67.227000 -2.080050 
1167 334.456100 20.703190 116.165309 79.860256 -0.313515 -0.600724 0.521211 -0.971869 6.157010 6.211090 11.791188 1.915083 1.898409 -282569757321957125060820567872895712109975573076541465477800055027466177085440.000000 0.000000 -514.236167 -990.667023 1.968475 0.537175 243.979687 4.487928 -44.369775 7.633971 0.931640 -1020.273180 1.956538 0.558886 17.837428 -1.853877 
1169 46.326600 1.004711 -10.572076 70.523197 0.038375 0.160738 1.461969 0.115542 1.211295 1.600022 3.814876 3.149420 2.384265 0.360381 171.948465 -40.261143 1.302546 90.882882 -19.535969 -473.263684 2.015958 -19.702049 1.795378 -0.148590 -0.099296 344.528754 38.809848 43.485048 -2.256209 
1171 106.234800 1.209774 56.938333 69.147310 -0.839457 0.321893 0.799672 1.643508 1.830613 2.510997 15.609973 8.527184 6.216643 76.530450 8.220516 -15.679095 -69255615102608770076231196262220885161383666122752.000000 0.000000 265.422521 -85.509513 -8.164606 1494842902274823270950801829702018269184.000000 0.000000 -692.528912 9.407119 11.383863 0.176017 27.576300 -2.031563 
1181 -16.580300 0.986310 -6.793543 66.352047 -0.122091 -0.352589 1.514156 -0.135709 1.721275 1.931106 6.089409 3.537732 3.153327 0.000000 1227250547.428513 -131.759308 177.800118 2.590165 0.877821 68.019513 -8.747207 150.857921 2.486384 0.652430 -11.836263 15.006706 1.712879 21.317377 -2.490005 
1184 -64.424000 0.989838 -20.050820 77.949612 0.392948 0.094593 1.382229 0.047135 2.566969 2.832958 9.229876 3.595632 3.258034 4.860837 49.726895 4.226638 -0.000000 414401129220277.000000 -147.876517 -72.317447 -12.415719 10383363115673434112.000000 0.000000 -96.511208 -14.881944 25.855427 1.786723 40.173463 -1.983772 
1189 -111.844300 1.005593 -22.234051 72.362890 0.183810 -0.060802 1.594545 -0.090627 1.456484 1.463236 4.658616 3.198537 3.183776 14.259457 30.177753 3.492641 17.193210 27.293933 -3.070060 -3518.966001 -0.621633 -194.715491 1.547092 -0.504119 17.056902 27.405174 3.094081 47.069614 -2.349568 
1194 -49.667200 1.048063 -78.529903 61.993374 0.682843 0.026999 2.235658 0.009509 1.115569 1.197720 7.707373 6.908919 6.435037 9.967224 55.309106 8.193672 -14.625892 45.506365 5.789329 748.619171 2.287131 -37.739262 5.218971 -0.251988 11.737116 50.954037 7.079194 80.342488 -2.226651 
1196 -16.962000 0.997978 -7.332139 69.788760 0.334882 -0.693464 1.283298 -0.075805 1.263945 1.168046 2.321325 1.836570 1.987357 -19.092519 10.716203 -5.088750 0.000000 7179033714158200406472784871424.000000 -452.247555 -91.622051 3.558757 -26.633298 8.975462 -4.016676 -0.000000 -0.000000 -39.876225 18.194176 -2.021395 
1198 11.615300 1.069872 36.772037 69.555750 -0.169025 -0.347149 3.693221 0.459769 1.231413 1.279513 1.897368 1.540806 1.482883 39635.064907 0.215325 -15.814231 16.648518 6.781474 1.189507 -1814.940790 -1.017527 19.712303 2.565026 0.186466 2358.446138 0.732605 12.087375 10.872463 -1.712432 
1199 -37.821900 1.180608 -66.778349 61.830158 -0.172987 0.209326 0.690533 0.356866 0.983611 1.106577 0.903902 0.918963 0.816845 2863.256851 0.790648 -6.259996 1784.637065 0.978137 -5.197731 0.379188 5138404.448217 52820.798676 0.217998 10.912578 -2.905574 1.123562 0.148577 10.044475 -1.485486 
1202 24.086800 1.003382 41.294490 75.330931 -0.168606 0.223687 0.695844 0.252172 1.538147 1.760665 4.035041 2.623312 2.291771 97.491023 5.542673 4.886854 0.000000 168176989030819.718750 -902.077156 210.761958 3.038216 -24.714649 5.558031 0.531491 -0.000000 265107.580512 906.694941 21.317377 -2.763710 
1204 41.166500 1.001879 14.403041 66.651712 0.107763 0.076777 1.296174 0.023886 3.022273 3.028893 18.008633 5.958638 5.945615 -0.000000 3246017731500970463599330303259401534399491264400418110726421902000128.000000 -699.546963 -10.727545 31.035173 -1.937078 2157.053991 1.641852 388.911059 2.783838 0.945774 -10.604596 31.195464 1.994567 42.632400 -2.715778 
1206 9.623400 1.030323 38.255187 77.624539 0.399388 0.178868 1.870301 -0.134393 1.171238 1.175919 2.658006 2.269398 2.260365 -132.661198 2.608004 7.382752 14.111285 7.162716 0.449927 1023.610323 -1.173889 -180.817865 1.937898 0.799308 17.187515 6.717480 0.575090 10.450272 -2.561718 
1211 -57.455200 0.989379 -20.697889 74.916511 1.170805 0.065069 1.555013 -0.112177 1.309569 1.320078 5.018697 3.832326 3.801819 8.570303 18.691978 5.492108 122.667356 3.013336 0.875631 78.376759 8.639520 -118.462389 2.898343 0.810218 14.877262 14.349619 1.194291 24.006829 -2.204119 
1212 -55.526300 1.006675 -21.641816 83.544844 1.091038 0.167406 2.031077 -0.140809 4.862670 4.928605 7.400808 1.521964 1.501603 20.338371 17.638238 -2.622395 -30.269609 14.482263 -1.508846 2227.083569 -0.847447 30.215889 14.504554 -1.472934 -738.602662 1.156010 1.446746 30.446464 -1.876641 
1216 -24.676400 0.987423 -9.592917 81.710536 -0.089701 0.179963 0.885459 0.202009 2.179878 2.195964 7.705537 3.534849 3.508955 -0.008739 1183.198119 -17.420954 3258876.856631 0.021986 -700.345025 48.348453 11.396392 520.744615 1.507424 1.924000 -12.764908 19.288631 1.630913 28.690383 -2.714059 
1220 64.643400 1.749149 2.785793 73.266511 -0.586375 0.557045 0.267268 0.592065 1.122128 1.218541 2.508887 2.235829 2.058928 535.237847 1.962667 9.277368 -5425834504170574600732698527810708908178688794689536.000000 0.000000 -420.657904 -60.942013 3.454140 247635870802376505538073657345979711488.000000 0.000000 329.469297 6.514159 6.243217 0.339443 15.224073 -2.659534 
1221 -10.707600 0.972729 3.925460 75.035664 0.373086 0.140535 0.891721 0.095154 1.554948 1.862085 3.517153 2.261911 1.888825 29.834152 11.508028 -3.765948 -25.256877 12.651895 1.341609 -933.214827 -1.621513 35.444494 9.959572 -4.082277 3.730792 -3.729010 0.148579 24.976705 -1.846447 
1223 70.139400 1.066353 74.783525 72.462800 -0.287175 0.070117 0.776606 0.211693 1.214568 1.288506 2.638438 2.172327 2.047672 -206.274825 3.436291 8.031338 248.581061 3.047148 2.603185 -13.810371 -13.875527 151.799174 3.842297 -12.158059 13.970774 4.062683 0.323561 20.087841 -2.649495 
1228 -70.868600 1.043196 -9.835764 72.519070 -1.103474 -0.267518 1.497688 0.456765 2.588611 2.755749 6.260174 2.418352 2.271678 81.232449 5.600396 3.860891 -575.701162 1.594003 1.097554 -227.709693 4.611748 474.439901 2.107191 9.819442 12.138028 8.332274 0.295171 17.144779 -2.777172 
1230 -51.457700 1.052341 6.378728 72.175740 0.305078 0.087758 0.898642 -0.053299 1.355329 2.080074 3.789169 2.795756 1.821651 -80.724240 6.059823 -1.802090 0.000000 1047001333822.767578 912.943840 286.440766 3.630957 -56.923484 6.166658 4.662650 19.265098 6.613927 0.255898 18.929221 -1.262456 
1231 46.090400 0.992266 57.270130 74.358535 0.089063 0.243828 1.519761 -0.498716 1.047585 1.067553 3.348156 3.196072 3.136291 -29.829846 8.282538 4.101337 -31.068965 8.135735 3.490177 -7305.576314 -0.394515 -28.820195 8.193679 4.874420 -1.965085 -2.746470 0.148584 18.558060 -2.536904 
1233 158.200700 0.985058 173.960049 84.943431 0.203665 -0.003835 1.666253 0.078350 1.150900 1.159924 4.094109 3.557310 3.529635 27.244122 18.754450 -5.973734 46.088060 13.995393 -4.642583 1.155066 -3511732.284583 49.204598 13.484058 -4.495175 1.412475 11.561776 0.148578 38.613478 -1.978152 
1239 44.196300 1.010172 36.494300 75.048960 0.529192 -0.005846 1.204213 -0.032843 1.104426 1.540454 2.846144 2.577033 1.847600 22.172160 12.212910 -6.273087 -0.000000 297482857786441.187500 374.559349 -64.909481 5.025809 4.106541 27.561803 17.119974 -6.104352 2.442574 0.148579 24.486966 -1.995415 
1241 -26.978800 1.050643 -26.845938 61.911108 -0.098904 0.050050 0.785331 0.509825 1.085701 1.110176 4.270957 3.933823 3.847100 174.005262 4.415687 6.712992 188.111403 4.246968 4.441015 1.100635 -11102965.825250 170.084711 4.481639 5.228178 -0.000000 -0.000000 -133.641737 21.743725 -2.685466 
1243 -90.849800 1.047759 -42.305283 62.015276 0.216647 0.050632 1.211935 -0.215480 1.801874 2.142988 5.212534 2.892840 2.432368 72.560080 10.127665 -4.893857 -287.847924 4.278792 -4.396970 -71.160425 10.152765 98.001882 8.332381 -5.526583 5.148733 4.400971 0.148581 30.446464 -1.793506 
1255 -19.657400 1.017197 9.999363 76.275685 -0.749309 -0.325851 6.991667 -1.985946 1.338634 1.752413 1.949948 1.456669 1.112722 -27.613668 6.368435 -8.550701 -941120773853564815540224.000000 0.000000 -223.427713 39.797626 4.924176 -154.013130 2.524531 62.546883 -3.952548 1.698821 0.148577 13.518541 -2.027382 
1259 44.371300 1.022883 9.561670 64.478941 0.231664 -0.013027 0.643113 -0.052641 1.684026 2.030950 7.240125 4.299296 3.564896 47.271378 16.804712 -4.832687 18.036153 22.440492 16.111173 -101.704258 9.275251 -26.672454 20.898712 -8.992530 9.986223 14.747309 0.301961 44.354749 -1.837996 
1261 3.650700 0.990401 6.835140 76.300289 0.151910 0.243024 0.325101 0.170227 1.131700 1.155905 3.004435 2.654798 2.599207 -24.128649 7.635950 -7.783907 -57.795208 4.792315 3.599736 1.532402 -6931585.514444 46.875661 5.381421 4.356970 -1.688283 -25.089017 -0.216729 16.155908 -2.014541 
1264 24.459900 0.998256 48.711915 74.459679 0.786990 0.051358 0.851479 -0.048131 1.229817 1.531659 2.726529 2.217020 1.780115 60.281449 5.516603 -2.465717 779326.561012 0.033755 -1149.931977 -158.653155 3.419356 64.352543 4.751180 5.915189 -9.815080 6.508599 0.267905 14.632903 -1.561878 
1266 9.323300 1.019563 18.779849 80.815382 0.738444 0.257718 0.798958 0.026771 1.472282 2.143271 4.101795 2.786012 1.913801 86.216755 5.748946 3.544951 38532187152355701988105591455744.000000 0.000000 661.103645 -144.139721 4.037562 14.763465 6.928862 0.300686 -426.212374 2.303231 33.547856 18.194176 -2.865309 
1267 -20.336200 0.970864 1.975637 82.916278 0.130543 0.020488 1.247471 -0.143526 2.219758 2.573702 7.367946 3.319256 2.862782 4.908762 32.847939 -6.153363 18.986494 16.073585 1.983675 -1565.295915 1.069084 -0.000000 188325135.226674 -90.730631 -8.338930 11.757400 0.280721 31.055393 -2.250998 
1269 -0.783200 1.070272 12.657327 80.467161 0.087531 -0.290643 4.282253 0.296048 1.459988 1.653223 3.895634 2.668263 2.356387 66.610661 8.294518 -5.193271 -0.000000 140088044448.781647 -1166.110671 -122.925596 -4.732383 0.000000 135869411.931291 -727.849024 -17.435064 7.955089 0.532629 25.476239 -1.805951 
1274 -8.759400 0.994581 -2.203035 74.019192 -0.066363 0.211490 0.917964 0.210073 1.095759 1.101961 2.974237 2.714318 2.699041 32.954555 9.331105 -7.620975 -26.731998 10.428157 2.850868 1161.876336 1.148185 311.400987 1.876801 1.338873 -22.820029 11.231192 2.302652 21.317377 -1.991152 
1275 -3.454600 1.055903 -10.203868 60.770484 1.262675 0.048347 1.006789 -0.249002 1.461012 1.480169 2.253300 1.542286 1.522326 30.778351 11.915276 -4.155071 33.438230 11.476753 -3.426928 13777.683366 0.445168 -260.445402 1.419802 0.400485 -33.487920 11.466849 3.447777 25.985764 -1.872622 
1276 -47.290900 1.065045 -21.046137 63.216392 -0.267450 0.142651 0.688950 0.300595 1.358108 1.590012 3.110868 2.290589 1.956506 349.630001 2.620071 8.288036 324.272652 2.520427 1.426999 53.201417 -7.692850 160.200885 3.684628 -8.258280 -23.621143 3.439112 0.222283 16.808606 -2.662933 
1277 -60.317000 1.075271 -98.862960 66.513720 0.104156 0.051640 1.265696 0.059158 1.342496 1.532557 10.626283 7.915318 6.933694 18.203157 30.356617 9.733866 -27.898530 24.741377 3.687717 -2106.532868 -1.895375 15.227922 31.837436 13.156511 4.859508 6.167299 0.148583 56.252546 -2.274042 
1280 -49.980400 0.985994 -54.074396 76.135345 0.635668 0.072388 0.532595 -0.081314 0.991720 1.009201 3.845958 3.878067 3.810894 -4.190464 17.723530 -15.521567 24.013206 7.009339 7.493891 -0.806462 3874127.679109 12.310442 10.091939 -9.771440 -0.000000 -0.000000 -20.650300 14.064690 -2.227774 
1283 -94.885400 1.013615 -37.376807 58.928367 0.373451 -0.210634 1.731417 -0.008864 2.063524 3.470807 12.344882 5.982427 3.556776 12.082324 27.270178 3.539864 0.000000 1187558551882661374310084132208640.000000 -355.482592 88.947955 9.655875 2.079116 64.695416 7.469134 10.470384 13.327784 0.196362 39.385748 -2.296674 
1285 -23.241000 1.009351 -11.138969 62.597805 -0.454527 -0.191779 0.338297 2.062708 1.456159 1.525937 5.664976 3.890355 3.712457 68.337558 6.739003 -3.765961 51.064420 7.836413 1.981340 -2330.666813 0.879653 108.917992 4.792046 -7.641243 9.568847 8.837745 0.447567 18.929221 -1.724234 
1289 -88.344000 1.035593 15.288182 80.272481 1.103608 0.266612 1.051485 0.031680 1.263927 1.562679 1.511801 1.196114 0.967442 112.887595 3.997038 -2.781235 -342807109332242067718305480704.000000 0.000000 -416.444135 -196.425563 -2.812904 -12.815084 5.168834 0.305296 -210.585397 2.682408 8.303749 14.345984 -1.454540 
1297 98.976200 1.055552 63.356287 80.261520 -0.363307 -0.154720 2.023661 -2.111246 1.804638 1.909329 2.852304 1.580541 1.493878 12.173959 20.283988 -29.503582 -673.709858 2.426599 3.239094 -62.902684 -11.108580 111.124676 6.399177 22.603152 -3.136813 13.642697 0.163232 27.035589 -2.162588 
1300 43.585400 1.070745 52.111672 66.829832 0.235675 -1.191569 0.570658 -2.139078 2.707887 3.602704 7.111064 2.626056 1.973813 36.181251 8.689379 -2.656708 -37.221021 8.733979 -1.456902 3822.469238 0.693401 0.000001 43466.604267 -438.356948 17.330047 8.672409 0.431790 19.307805 -1.709737 
1312 -53.525800 1.379499 -43.176088 65.058281 -0.298770 0.059045 0.853254 0.141310 9.823022 10.591966 15.794340 1.607890 1.491162 392.295385 3.720453 -2.584950 -390.065675 3.681314 -1.050128 36.471974 10.842287 6.482747 17.790540 0.285499 -375.614542 3.852982 1.152896 21.743725 -1.168301 
1313 69.836900 0.987591 76.139418 85.549045 0.154251 -0.139713 1.025778 0.037674 1.022025 1.024987 2.055567 2.011269 2.005456 -37.035422 7.971973 -3.329789 6.241520 16.857587 10.189359 -91.973409 3.831147 -0.000000 2486990.567718 110.326742 -25.934437 6.471876 1.302670 19.307805 -1.748909 
1315 -58.562400 1.099669 -12.954692 68.136692 0.026463 0.334933 0.569120 0.207094 1.332424 1.350596 10.811584 8.114220 8.005045 106.033187 5.375921 6.373741 -259.563861 2.866049 0.876101 109.608362 7.017979 -21.805474 3.677275 -0.159989 50.450179 7.576118 7.550030 20.489597 -2.608979 
1316 11.828600 1.025033 32.599658 72.845611 0.180193 0.044444 1.024604 -0.004211 1.303450 1.457382 2.110691 1.619311 1.448276 75.751053 5.273880 -2.274405 133.417503 2.737124 0.775731 150.940673 4.790259 -13.414027 1.225450 0.148586 62.049317 5.716217 2.358761 15.839125 -1.438248 
1325 79.655500 1.025575 74.194949 85.844869 0.217391 -0.045136 0.971222 0.156577 1.147980 1.993545 5.546177 4.831250 2.782068 -71.410716 6.273681 2.752532 -91.768906 5.458334 1.943428 1.857695 -18467437.813618 -32.272108 8.390615 -7.898973 18.537496 -5.818527 0.217509 20.489597 -3.138272 
1327 59.897600 1.087165 90.000549 72.948197 -0.165992 0.114226 0.705523 0.166218 1.047594 1.158227 2.450880 2.339534 2.116062 -3841.372088 0.855848 -29.803473 1474.446389 1.286956 50.651046 178.191568 -1.692406 224250.443207 0.114176 -80.310664 -6.577938 4.316714 0.190681 19.307805 -1.966844 
1332 -13.728400 1.043119 -10.298064 64.852918 0.628253 -0.011286 0.865933 0.054875 1.088458 1.100814 2.118801 1.946607 1.924758 138.751425 4.591774 -2.242060 367.609339 2.182351 6.314507 -203.720808 3.551673 115.104301 1.853909 0.344665 -109.878244 5.109859 1.821001 15.839125 -1.344045 
1341 -40.305000 0.969721 -15.323638 63.618371 1.270817 0.042801 1.636841 -0.148876 1.100409 1.167818 6.964621 6.329119 5.963790 1.868576 53.700470 -10.959977 120.640372 4.576815 2.277751 -34.270748 -15.950874 55.202143 7.691628 3.582338 -4.371487 26.244504 0.395225 27.576300 -2.342800 
1344 30.427300 1.194946 13.549229 66.566370 0.273716 0.057007 0.855473 -0.265438 1.283442 1.482174 1.618863 1.261344 1.092222 193.835338 3.249965 -2.602311 -148342277807969846550796413995924333997959675904.000000 0.000000 361.888160 302.535683 2.479464 -2761490666657.376465 0.000053 74.864659 30.379214 -4.736279 0.535175 13.253471 -1.347136 
1351 52.515000 0.994825 77.302753 80.115365 0.683682 0.002396 1.416919 -0.112131 1.347795 1.371953 4.299803 3.190250 3.134074 9.968370 28.266326 -4.466766 -13.779245 23.823050 3.546242 6349.673551 0.554470 186.157601 1.662434 0.344722 13.613482 23.968037 3.595390 35.672885 -2.138634 
1355 -98.624400 0.996197 -62.869839 74.506988 0.466439 0.550180 1.300354 -0.217166 1.050551 1.261195 3.764555 3.583412 2.984912 43.886094 17.805674 2.358022 48.616457 16.685183 2.222415 0.657773 20380212.949615 -0.000000 2888031222746003968.000000 130.086046 -48.999247 13.931518 1.492889 46.146681 -3.025245 
1356 -50.464000 1.088457 26.350952 61.502029 0.577137 0.197342 1.725987 0.047082 2.317871 2.468333 28.358673 12.234792 11.488998 52.523141 25.405267 2.542197 7.953062 60.211209 4.324783 -318.807773 -8.321746 38.210796 12.052530 -0.533777 -25.455438 35.336486 3.161910 69.942971 -3.024786 
1357 55.425000 0.983444 49.458848 69.621304 0.098795 0.005087 1.106463 -0.003021 1.442899 1.472659 4.024154 2.788937 2.732577 0.004928 2117.754867 -19.835290 -1.299859 90.644000 7.595382 2715.354270 -0.746680 195.030032 1.733785 0.549728 1.197863 94.800800 7.811831 41.796471 -2.668936 
1364 -39.032300 1.116511 -45.234550 67.513903 0.290129 -0.218329 1.393127 0.163518 1.178677 1.453714 2.665414 2.261361 1.833520 -195.920469 4.129228 8.382441 -279661291830255310902132736.000000 0.000000 -567.537942 92.019744 3.720762 -196119430845058080.000000 0.000000 -332.595384 9.257480 6.963371 0.277268 21.743725 -2.594972 
1366 -13.096900 0.983204 3.091520 65.965433 0.294949 0.416640 1.717336 0.167419 1.224166 1.285049 6.689397 5.464453 5.205558 -0.749382 67.867688 -12.059682 -0.000000 107177732845.163544 -476.452756 -31.352529 8.861595 -0.096421 186.204072 -21.623294 3.502715 2.448634 0.148576 24.006829 -2.399684 
1368 26.294400 0.979632 53.671230 74.312624 -0.607465 0.343484 1.805857 1.185548 1.556825 1.595870 6.564032 4.216295 4.113137 6.088198 43.999161 -7.435445 -44.356832 11.989201 5.742743 37.463821 16.814045 -11.775670 27.710626 -7.479838 4.567466 22.538418 0.434418 45.241844 -2.212034 
1372 -15.426000 0.982576 -9.963114 81.498283 0.400447 0.774143 1.303905 -0.084739 1.034619 1.082526 2.576955 2.490728 2.380502 1.899370 60.896534 6.280252 -4.882376 36.215234 -3.918379 264.106099 1.492572 -2.764569 49.584903 5.313850 11.565909 1.199062 0.148593 34.973417 -1.935440 
1384 37.336500 1.028445 44.795472 72.109750 -0.386636 0.154184 0.710554 -0.255850 1.162909 1.232895 5.503945 4.732911 4.464246 -82.290444 6.335243 -7.144072 -22810291607618608.000000 0.000001 299.151331 -68.558408 5.209081 143.762198 4.635088 -10.649541 3.944043 3.502228 0.148593 21.743725 -1.870004 
1389 11.069500 0.998718 36.173619 67.925716 0.465854 0.055400 1.912686 -0.205572 1.068575 1.201894 2.595964 2.429371 2.159894 -38.385402 5.976741 -7.229493 0.000000 136690733.901715 -237.349959 97.786518 2.419411 -4.582950 1.972779 -0.148598 -11.990236 10.322466 28.370494 14.925561 -1.957552 
1401 -188.700800 0.991881 -176.849501 55.403914 0.322796 0.031793 1.350396 -0.037947 2.046859 2.127158 4.370353 2.135151 2.054551 8.502911 28.554065 -4.558143 -1.625608 52.145103 11.202473 -49.686040 10.171434 4.069775 37.397151 7.168304 -6.114551 15.577549 0.466186 34.973417 -2.153401 
1404 -81.446000 1.002220 -48.425915 67.176674 1.180642 0.142325 0.963730 0.189571 1.197874 1.470356 2.466107 2.058736 1.677217 -50.275709 5.177567 -3.063203 0.000000 36361111451446008.000000 -555.622998 -145.718563 2.780305 37.540106 5.586765 6.748632 7.581027 1.723531 0.148585 13.788912 -1.663765 
1412 -4.400800 0.983722 10.789310 71.171976 -0.335002 0.200795 2.694198 0.043410 1.081352 1.107207 2.936546 2.715624 2.652209 0.048626 237.301664 -24.111495 -6.296338 17.999423 3.735713 610.637045 1.133314 58.396047 2.207743 0.590122 5.180318 19.905652 4.893977 18.194176 -2.432251 
1415 -41.638600 1.041878 -8.462717 68.108000 -0.103585 0.181251 0.334661 -0.051126 1.998516 3.311930 7.131549 3.568422 2.153291 166.041761 5.372497 -2.304740 -182135882927821647491032750993104814012960100027499001368833343619072.000000 0.000000 495.265550 345.072788 -3.984093 -803.083713 2.106170 -9.119396 31.021432 7.408959 0.430392 18.194176 -1.372679 
1416 -43.296900 1.004798 3.510581 64.192698 0.481376 0.021450 0.876682 -0.072140 3.956754 5.079910 9.448137 2.387850 1.859903 90.297379 15.200831 3.255288 -0.000000 2655699738027557376.000000 -249.433718 -400.766655 6.864286 21.534381 28.227859 -7.509285 -39.589457 11.608127 0.542735 54.068191 -3.043974 
1417 7.073100 1.125767 21.465660 62.990678 0.396777 0.119685 0.958933 0.129678 1.148449 1.252016 3.028516 2.637049 2.418911 72.989835 3.242393 -2.860776 77.222157 3.141816 -1.667541 1.310803 209245566.799898 -13.238621 4.154933 0.373743 19508854200757980741238784.000000 -0.000000 299.896221 9.465133 -1.581044 
1418 24.098600 0.969860 41.709883 80.585207 0.236423 0.351270 0.935911 -0.150468 1.406641 1.732554 6.069908 4.315178 3.503445 25.888331 27.661702 6.603974 -266.905820 6.687973 -2.433048 71.300568 21.164518 -322.141043 3.689612 -1.019871 30.885182 25.559220 3.041180 59.695652 -2.378430 
1429 -52.961200 1.010102 -41.153855 69.389888 -0.048527 -0.015180 0.711213 -0.310530 1.820533 2.135689 10.357964 5.689522 4.849940 13.985404 34.936440 6.667202 -27.111916 24.805773 3.976416 -5694.828517 0.942728 26.607398 25.024855 4.134174 -355.419842 2.429583 0.334886 51.968658 -2.247388 
1431 52.235900 0.980460 54.597132 80.842049 0.465926 1.167654 1.212112 -0.067899 1.196999 1.259506 2.830968 2.365056 2.247681 2.522645 44.830198 -7.758939 -0.000000 756163808031053960970240.000000 264.129634 -34.587057 7.353455 -86.554574 1.770173 0.288601 -5.889105 28.292999 5.374297 29.849474 -2.337673 
1433 -76.363000 1.018252 -24.341951 73.127918 0.668039 0.234804 1.911985 -0.197126 3.060949 3.803532 6.676993 2.181347 1.755472 25.035667 10.340441 -3.977091 -30.948837 9.478581 0.942187 -1576.464998 -1.116863 41.059902 6.755826 7.835082 10.183721 9.711439 0.241430 18.194176 -1.963386 
1449 113.257600 0.989715 56.537988 67.469757 0.296837 0.027397 1.617846 0.069814 1.084995 1.115679 14.629991 13.483920 13.113078 0.286125 488.871882 11.603503 1.134189 223.187678 8.749575 2914.278516 0.954068 189.422280 2.577446 -0.380179 -1.260392 210.210993 8.531204 106.010207 -1.876189 
1456 -29.773900 0.980906 -19.218060 79.075947 0.368591 -0.059110 1.445187 -0.104914 1.175805 1.384099 3.166186 2.692782 2.287543 5.347305 18.121284 6.941058 -13.078317 11.376301 3.216750 -1727.959221 -0.615464 0.220826 94.807915 18.295479 4.225214 1.024364 0.148575 17.487674 -2.108720 
1457 -56.065100 1.025093 -38.093794 63.235300 -0.444714 0.536019 6.366831 -0.428831 1.140660 1.145707 4.933429 4.325066 4.306014 0.004101 1186.983082 -46.264510 10.565698 19.561534 3.668266 1161.179787 -1.334767 274.010453 2.192080 1.202759 -11.010256 19.183972 2.983001 27.035589 -2.364937 
1460 -31.794500 1.007810 -42.909035 63.935666 0.192746 0.076501 0.982526 -0.059729 1.124295 1.159076 2.493367 2.217716 2.151167 81.953138 4.623488 7.261199 364.799843 1.945038 -2.235521 60.706365 6.474268 143.542261 3.420914 9.523261 2.216136 2.232320 0.148577 15.224073 -2.500288 
1465 -16.914700 1.000244 32.758499 70.996451 -0.254641 -0.419163 0.925757 -0.232699 2.745544 4.351831 6.191960 2.255276 1.422840 51.980435 8.732483 -4.480181 -44.858406 9.537097 1.867829 2984.781165 0.948740 73.230588 6.651905 9.501660 -8.825444 10.234927 0.242172 23.536107 -1.805529 
1470 -1.527200 1.038622 -32.576317 67.238158 0.168467 -0.584690 1.059005 0.014654 1.072293 1.098657 3.147043 2.934873 2.864445 7.833912 20.223579 -13.594305 -0.000000 77116194486224480.000000 -544.664608 -30.362581 5.329341 -15.901227 14.097723 8.042699 -313.354141 -1.218382 0.582968 24.976705 -2.164282 
1471 -18.970100 0.984320 -13.970280 64.036430 0.205418 0.053575 1.340604 -0.061285 1.030440 1.254539 3.292232 3.194976 2.624257 15.976640 13.738301 -8.634039 -117.471891 4.394296 -3.085170 18.506445 14.874013 -15.250497 14.148020 6.095829 -28.645933 3.055324 0.296426 25.985764 -2.056014 
1482 -77.695300 0.972798 -20.041785 78.699458 0.032305 -0.188129 1.002245 -0.085421 3.074364 4.932155 11.307663 3.678049 2.292641 20.264202 22.012354 -4.015689 0.000000 26246008193265065175660426224660441859096576.000000 -717.758765 116.454534 8.709224 0.000120 12769.836184 -41.095189 18.575527 12.765526 0.436422 41.796471 -1.928372 
2000 -25.178000 1.063065 45.247737 82.876891 0.340754 0.110415 1.123461 0.111275 1.407163 1.794212 11.265706 8.005973 6.278915 30.746194 15.391987 -3.354714 -0.000000 1128716113405879200783691415552.000000 513.312481 133.305558 7.184421 -1.206516 75.804826 -13.647758 17.505354 10.910031 0.285573 34.287664 -1.795956 
2001 -53.577900 1.078099 42.675513 64.670635 0.280577 0.015545 1.492881 -0.067459 3.344214 4.264780 32.289495 9.655332 7.571199 41.240601 28.639967 2.071687 -0.000000 793029123823430310223030787156349165972350228095621490375510755049222061621671624704.000000 -586.282822 -261.391407 12.504860 -0.000000 12339179654983832703881241461933187942169601638400.000000 -331.212308 -49.961837 19.587792 0.772135 72.768667 -3.136180 
2002 68.900800 1.029440 98.104089 87.458139 -0.851615 0.351122 0.688232 0.910453 4.397981 4.659374 13.927481 3.166790 2.989132 3.636460 56.290632 7.573411 447.191371 2.643266 -1.980730 -144.534623 -11.436510 0.184688 209.436921 -25.670359 -13.216301 16.817103 0.384439 37.114070 -2.010219 
2005 26.516800 1.061541 -3.242096 59.880000 0.652087 0.253696 2.501878 0.004901 2.114270 2.143694 10.995927 5.200815 5.129429 15.820388 32.448590 3.893415 24.359472 26.211054 2.121042 -1210.823299 -1.698614 211.189257 2.896914 0.829353 24.394668 26.175213 2.170380 50.949664 -2.334726 
2007 -304.203900 0.985249 -336.473213 55.403895 -0.128856 -0.010170 1.592391 0.000482 1.139498 1.145837 2.932383 2.573399 2.559161 0.000000 395606438166541054442168292961849700253696.000000 -524.408050 2.683834 33.537172 23.910556 13.437839 16.261009 0.000071 11017.837609 51.830827 1.829174 7.419155 0.148604 30.446464 -2.590512 
2009 93.045000 1.034265 2.127334 78.031201 0.706522 -0.023293 0.586831 -0.276038 2.312130 2.357063 9.496895 4.107422 4.029123 0.000000 7946314.036370 66.156124 15.918799 31.638228 -2.596320 -2388.535642 -1.784603 494.011721 2.989046 -1.196189 -16.771576 30.872797 2.240619 53.008031 -1.808934 
2010 40.768000 0.982294 58.438693 78.102209 0.273681 0.011166 1.110887 -0.141414 3.062519 3.098050 11.468612 3.744830 3.701880 -0.773068 145.565881 -9.531317 15.039883 28.400692 2.433056 -2356.761241 -1.301445 -373.086944 2.307871 0.808647 -14.659840 28.736945 2.556968 48.011007 -2.482254 
2013 -5.322900 0.958511 -41.023847 75.458045 0.539094 0.026317 1.403046 -0.009385 8.741759 8.885607 44.248228 5.061707 4.979764 -59.192068 23.511431 -1.559737 10.012520 51.592882 1.353804 530.424840 -7.798493 81.927218 12.259064 0.872564 14.152436 -44.305140 1.834459 69.942971 -1.196737 
2015 27.629400 0.985676 20.486094 67.702103 0.055037 -0.063922 1.939827 0.038309 1.444574 1.501648 4.960409 3.433821 3.303310 1.474806 96.002317 8.229642 3.224554 49.958186 9.017025 -21.894813 17.604883 -1.693767 80.042619 9.154824 -3.173302 23.618526 0.404766 44.354749 -1.937108 
2016 65.046200 0.978492 65.424605 71.585308 0.478936 0.536979 2.818027 -0.064809 1.402202 1.570935 5.870700 4.186772 3.737073 6.694549 52.760977 7.089107 -12.553752 32.571926 7.330768 -23.584032 19.379639 -6.166687 52.929827 7.883718 3.128264 6.757411 0.148580 56.252546 -2.139895 
2017 62.823400 1.002090 71.630062 73.028350 0.185455 0.120197 1.722852 0.012923 1.046002 1.069345 2.372983 2.268622 2.219100 -19.457947 12.807079 -4.502659 91.223888 4.636125 2.010221 -32.270093 12.260745 5.243349 4.201712 0.217195 -16.517989 -13.920758 4.604049 23.074615 -1.976297 
2018 31.824900 0.962997 41.769255 84.538901 0.299770 1.056323 2.018247 -0.121695 1.277669 1.308672 4.152297 3.249901 3.172908 12.597855 39.574750 5.515859 0.237128 330.733960 13.865923 -96.506874 7.950590 27.925357 14.485722 -1.508256 -0.000000 438059835429047304192.000000 172.342117 63.349504 -2.293758 
2019 -11.178200 0.990036 43.136156 78.099261 -0.231294 0.214686 0.383576 0.533923 1.354999 1.437674 3.525525 2.601865 2.452242 49.187753 7.249272 -4.232721 -38.787164 8.214482 2.012605 1523.843095 0.954573 58.207751 6.365651 -5.340272 3.766714 3.217201 0.148589 18.929221 -1.799522 
2024 61.139700 1.137185 -5.388745 78.118213 -0.197197 0.020437 0.430504 0.106379 1.205329 1.206542 4.597995 3.814723 3.810887 85.892267 8.124495 -7.686535 382.000029 3.382658 1.733165 75.848026 -11.059957 358.150607 3.575936 1.872061 12.471662 19.331964 0.852431 29.264191 -1.878022 
2026 28.003800 0.932904 -29.263388 68.980657 0.181989 -0.051384 1.804957 0.032664 1.201751 1.211419 19.400145 16.143235 16.014395 0.077445 1352.206133 10.675251 -4.509073 118.821400 -4.274013 929.951937 -2.141503 202.788199 3.523532 1.231079 5.306618 108.149991 3.971094 88.704599 -1.656204 
2028 -6.169000 1.076898 6.960965 70.988167 -0.016639 0.692768 4.990054 0.061871 1.884304 1.891798 5.052649 2.681441 2.670819 0.000000 19818951.312301 -588.450271 -12.409897 14.266598 0.731983 1377.228815 1.618998 260.379313 2.720467 1.072448 12.015302 14.473013 0.685005 20.087841 -2.223636 
2031 87.443000 1.066674 43.576382 76.332588 0.400529 0.027703 2.709381 -0.067845 1.022411 1.024198 12.799547 12.518989 12.497137 -0.020300 1789.211755 16.997210 0.081500 809.660832 14.109073 -7637.228361 -0.560200 -239.551721 1.648957 -0.432161 -0.083363 799.216448 14.064685 80.342488 -1.791397 
2032 -189.331800 0.984700 -173.433784 60.480741 0.152642 0.274982 1.441955 0.026082 1.572420 1.573091 4.265873 2.712935 2.711778 54.004544 11.481715 -2.949567 -2.897997 39.286651 -15.736414 171.407655 5.953749 6.853140 25.913102 11.646124 29.170142 9.998449 0.931463 31.676501 -1.627134 
2034 -6.181600 1.022617 -45.713526 66.959288 0.035982 0.107972 1.195737 0.336271 1.148720 1.218703 3.820353 3.325748 3.134770 -12.469651 23.553845 -14.168508 -56.658322 9.917612 14.111569 -20.141780 11.920465 -13.395261 22.026732 -17.405597 -2.423666 5.085750 0.148590 33.615356 -2.142599 
2035 40.499900 1.048282 40.618086 71.805174 0.467275 0.206708 0.947151 -0.039434 1.452704 2.105192 6.795821 4.678049 3.228124 31.246119 12.772668 -4.949623 0.000000 88580148493292324027430547537002496.000000 627.560705 -126.893200 4.841842 0.000000 404191160768575872.000000 327.119117 17.237063 7.930402 0.338968 29.264191 -1.898782 
2039 -18.013700 0.983933 2.295398 71.665644 0.284347 -0.049943 2.258947 -0.003620 1.901139 4.639784 7.688349 4.044074 1.657049 31.126747 16.751516 -4.672032 0.000000 34554222336979637482110687098337102921728.000000 -590.349380 -156.813870 5.935718 3.425567 50.104354 12.542664 -15.383751 9.687225 0.224485 41.796471 -1.849593 
2040 59.996400 1.038688 44.084658 73.300753 0.026564 -0.164253 0.855398 0.334713 2.065884 3.160917 16.805624 8.134833 5.316693 66.039122 16.726706 -3.667498 -0.000000 96221942547451837066718433695904379892137984.000000 -656.998675 -285.928588 7.095114 0.684729 163.969152 20.358867 -35.394299 11.879550 0.453801 54.068191 -1.649182 
2042 -40.075800 1.022949 -40.756471 71.304577 0.149583 0.069355 1.010283 0.089860 1.077500 1.226475 2.613747 2.425752 2.131105 61.622767 8.971196 -4.992606 79.706154 7.345425 5.882861 -26.228461 -7.605575 -70.984442 8.156224 -5.413730 -2.549997 3.768124 0.148581 27.035589 -1.799437 
2043 14.657900 0.989355 19.489386 78.003382 0.492164 0.082786 0.911268 -0.001672 1.180384 1.269838 1.357437 1.149996 1.068984 -13.842274 12.321369 3.324917 0.000000 4175881541818423705600.000000 -225.251198 71.462718 4.713697 7.163438 16.394407 5.114332 -4.317446 8.272875 0.282221 19.307805 -2.362142 
2047 -4.657100 0.979959 -27.449315 68.708336 0.373855 0.045885 1.479009 -0.175448 1.165270 1.299901 7.217926 6.194211 5.552675 24.298139 28.467525 4.736864 21.760683 30.291746 -3.952243 378.155732 2.778717 17.073488 6.150790 0.179149 21.292873 30.597282 4.670204 59.695652 -2.450151 
2049 -57.827700 0.971264 -12.745048 76.348782 0.209445 0.042066 1.253497 0.083604 1.407060 1.463643 5.458216 3.879163 3.729198 12.802587 28.686049 3.804576 17.200596 24.469356 3.116591 -3546.605894 -0.617438 122.018749 1.832111 0.336950 17.300050 -24.389607 3.112152 44.354749 -2.329218 
2050 -68.851100 0.986186 -34.280867 56.217415 0.471317 0.254115 1.874737 0.036263 2.179124 4.303563 22.528620 10.338383 5.234877 10.174879 37.289862 -3.232097 -0.000000 34006486060945306105059175073321092012336064741538941788246906293811603806281517198475264.000000 619.590145 90.155044 -11.395008 18.440432 15.482963 -0.382874 0.000000 -5104890134284909325899944215712077185024.000000 257.876234 49.950651 -2.086879 
2052 32.068500 0.977620 53.955281 87.742389 1.000000 1.000000 1.340351 0.012995 1.355727 1.154639 4.627329 3.413170 4.007598 4.867876 57.687978 -5.295963 -0.000000 17176650513912617238528.000000 143.943825 88.919754 8.457092 -109.926916 1.844006 0.708605 -8.065229 -43.542857 4.256630 53.008031 -2.276254 
2055 -75.976100 1.015997 -45.862369 79.071080 0.701070 0.139223 0.953636 0.181654 1.338779 1.341880 1.001201 0.747846 0.746118 84.180301 5.014331 -2.039256 -96.526832 4.643331 1.588645 -1.675629 -2463686.636447 93.239210 4.764105 1.648521 -2159932.841244 -608132.319133 -12.223939 16.808606 -1.299288 
2057 -75.290300 0.982339 -65.252711 52.641840 0.146262 -0.436452 1.104721 0.004406 1.974978 3.041160 7.705127 3.901373 2.533614 7.027253 27.305583 -7.773643 19.317122 16.412783 2.329022 -1664.686497 1.216777 -6.159242 3.220709 0.148577 0.716931 82.359928 20.860023 29.849474 -2.192929 
2058 33.996300 0.993041 34.582048 85.727715 0.228257 0.165725 1.287858 0.030315 1.579120 1.606350 5.382798 3.408732 3.350949 0.000000 24407604.231637 -68.325075 4.199415 27.298607 5.625414 -12461.599737 -0.465742 -265.009239 1.443030 0.381637 -3.438471 30.407500 6.232905 24.976705 -2.663679 
2061 40.926700 1.020263 33.198282 77.768739 -0.261748 -0.034952 0.578104 0.068953 1.468662 1.574898 4.389082 2.988491 2.786898 219.523087 4.516725 5.094715 62.600503 7.452911 8.770608 433.884234 2.306544 16.036967 4.447302 -0.160590 186.021319 -4.733697 6.791776 23.536107 -2.904788 
2062 1.079000 0.985015 -0.944680 79.033928 -0.452127 0.199637 0.380796 0.221238 1.093994 1.596409 3.026264 2.766254 1.895670 -5.407210 16.687672 -13.614628 -43.237247 5.504912 4.410729 -1.521017 -25113259.490738 -5.171375 1.938044 -0.148588 0.000007 18154.659144 107.998528 16.479026 -2.200144 
2064 21.578500 0.977009 58.483009 82.186954 0.365676 0.246498 0.518300 -0.355536 2.372921 3.674049 13.643340 5.749597 3.713434 20.064357 16.446843 2.786610 28.950624 13.862793 1.260407 -1243.573814 -1.214596 1.051876 65.838712 11.594315 -14.006479 11.703980 0.277707 29.849474 -2.530320 
2070 4.395100 0.968413 7.150556 74.291134 0.071040 -0.299763 1.333869 -0.141396 1.675626 2.228664 6.714593 4.007215 3.012833 -0.000000 875492.949878 -77.767518 -24927794881452544000.000000 0.000000 336.416231 39.721181 10.275637 292.456558 2.026959 -0.749976 15.626077 15.659021 2.327724 26.505479 -2.487668 
2071 39.087500 1.053945 38.722808 75.522011 0.266522 -0.013480 1.259116 -0.212501 2.886857 3.632118 5.557110 1.924969 1.529992 41.964456 9.998059 -3.165413 -38.150215 10.640608 -1.179908 -1457.983749 -1.314983 -51.990574 7.999369 -4.296606 8.679970 11.260957 0.240042 23.074615 -1.755841 
2072 48.233400 1.007613 47.608389 77.180857 0.418885 0.039405 1.234609 -0.158711 1.791565 1.990467 4.639291 2.589519 2.330755 27.220267 17.559282 -5.361448 0.081970 282.463126 -48.460681 -90.469016 -7.964285 10.981925 25.898408 -10.911568 8.456456 -12.888680 0.332818 37.856351 -1.940400 
2073 -46.961100 0.993643 -31.051058 64.301727 0.273830 0.015028 1.286668 -0.021859 2.388420 2.860111 25.433269 10.648573 8.892406 7.135271 71.087776 5.129685 -21.393096 39.221015 2.568480 -2816.657302 -1.508487 0.015393 2238.978524 16.725925 14.910750 7.106015 0.148597 72.768667 -2.110937 
2074 -17.254800 0.990068 -21.148811 80.293421 -0.031706 -0.164805 0.647971 -0.285112 1.010143 1.010414 1.484959 1.470049 1.469654 -0.221545 106.193748 -22.667097 0.689123 58.203373 17.703812 -15210562.302827 0.152147 -361.408694 1.055179 0.267396 -0.680229 58.603402 17.764887 19.693961 -2.356260 
2075 -38.809600 1.047480 -2.231854 81.763953 0.218864 0.085195 0.961621 -0.030466 3.005370 3.479451 12.710498 4.229263 3.653019 -68.760455 7.746370 -1.452037 61.312464 8.320772 0.663127 -1376.883507 -1.192339 -174.700848 2.242440 -0.480265 66.157120 8.074616 0.720062 18.194176 -1.346974 
2078 -33.324900 1.005850 -27.797484 72.831164 0.129211 0.760290 2.403143 -0.960271 2.331910 2.382574 6.414384 2.750699 2.692207 0.000000 6082161946570611952372170984636171949048909535922854219884177391616.000000 -509.192992 -1.539907 80.635151 5.950282 -3269.213311 -0.855429 334.744464 1.758969 0.645017 -1.131286 95.926282 6.617933 39.385748 -2.916890 
2079 235.320100 1.021566 195.347189 78.692554 0.914394 0.015091 1.278283 -0.016993 2.869625 3.211943 11.402148 3.973394 3.549923 -19.247336 23.872336 -7.935408 262.153346 5.100216 1.346623 -71.536208 -17.344993 209.770910 6.184082 -1.708673 -11.172690 30.591904 0.483840 44.354749 -2.050735 
2080 -26.469900 1.006721 8.927024 60.268570 -0.881444 0.424522 1.550154 0.956399 1.625035 1.737642 3.492339 2.149086 2.009815 -5.459315 19.473009 -10.622503 -620.177028 1.408413 -6.084245 -48.044358 -7.873024 -0.567784 57.067589 36.219010 -3.967456 4.028140 0.148607 18.194176 -2.219786 
2081 93.535900 1.029512 76.908935 83.411838 -0.807178 0.003309 2.634565 1.157144 2.256720 2.614611 4.805652 2.129485 1.837999 -112.261383 4.658791 -10.500281 36.839699 8.120501 -1.374912 3325.627569 -0.956779 -197820.770350 0.122653 37.958132 7.739728 -8.998410 0.250571 18.929221 -1.930311 
2083 -58.360300 0.993748 -35.109962 76.123992 -0.277846 0.036964 1.495923 0.261224 1.400288 1.886928 1.739300 1.242101 0.921763 -57.791459 5.011677 4.477728 46.170499 5.631581 2.701617 4886.670053 -0.502091 2806.145599 0.664243 -114.267349 8.343911 5.856143 0.259546 14.345984 -2.644848 
2084 -2.132300 0.991858 -4.886002 82.748151 0.169326 0.069556 1.268629 0.111730 1.161376 1.211579 2.522706 2.172169 2.082164 27.169926 14.274066 -4.522392 14.188020 17.613071 7.834988 50.860037 6.836177 24.168729 14.445221 5.513649 3.918642 12.289904 0.378572 29.264191 -1.921434 
2085 -11.396500 1.070012 20.495984 83.061624 0.357395 1.741642 0.743188 -0.112135 1.725481 1.992825 5.728258 3.319804 2.874441 -140.935355 3.558705 1.774090 -233.193585 1.646207 0.362329 -464.051445 -2.657717 52297.370147 0.200838 -16.558703 -23.032992 5.230245 0.231057 10.872463 -3.699468 
2093 -29.354900 1.048437 -37.826121 49.970363 0.291867 0.106504 1.373228 0.162253 1.247937 1.366545 5.477893 4.389558 4.008570 1.922788 54.059442 -17.011213 -197.863257 4.065157 -2.007626 39.249155 15.823062 -122.159609 5.618155 -2.955053 -5.836138 26.039085 0.368647 31.055393 -2.265413 
2097 -702.845900 1.085634 -765.262410 37.285103 0.166747 0.066731 0.646368 0.250184 2.002838 2.306608 7.968636 3.978672 3.454699 7.860656 24.903439 -8.271807 79.738675 6.847106 2.178219 -4.837665 -126114876.309892 51.540748 8.985250 2.958162 -141912.238532 6062.599137 -1778.105044 34.287664 -2.131368 
2099 50.366200 1.015225 49.777708 80.304261 -0.097607 0.117117 0.776356 0.085011 0.980198 1.982705 2.783492 2.839724 1.403886 109.645848 3.400935 -3.237458 109.645835 3.400936 3.237458 9350.965480 0.027878 -8298555023902341361515543807544786944.000000 0.000000 340.428739 12.165177 5.030025 0.231937 11.311710 -1.575881 
1000 -34.998600 1.152833 -0.703960 72.193693 -0.093920 0.360770 2.656110 0.478662 2.056935 3.110263 5.662700 2.752979 1.820650 12.764347 17.926632 -6.197703 -169.012659 3.387113 0.741957 77.893808 10.495880 45.327023 1.319575 -0.148600 -8.383453 22.527618 5.028483 29.264191 -2.060584 
1000 -34.998600 1.152833 -0.703960 72.193693 -0.093920 0.360770 2.656110 0.478662 2.056935 3.110263 5.662700 2.752979 1.820650 12.764347 17.926632 -6.197703 -169.012672 3.387113 0.741955 -77.893870 -10.495876 45.327013 1.320812 -0.148600 8.383467 22.527598 5.028479 29.264191 -2.060584 
1000 -34.998600 1.152833 -0.703960 72.193693 -0.093920 0.360770 2.656110 0.478662 2.056935 3.110263 5.662700 2.752979 1.820650 12.764347 17.926632 -6.197703 169.012676 3.387112 0.741955 -77.893900 10.495874 -45.326987 1.320361 -0.148600 -8.383451 22.527621 5.028485 29.264191 -2.060584 
