1000 -34.998600 1.152833 -0.703960 72.193693 -0.093920 0.360770 2.656110 0.478662 2.056935 3.110263 5.662700 2.752979 1.820650 12.764347 17.926632 -6.197703 169.012661 3.387113 -0.741956 77.893829 -10.495879 -24.223075 12.938751 45.331105 1.316055 -0.148600 8.386653 22.523032 5.027459 
1001 2.126200 0.985760 -1.876373 71.010474 0.029040 0.023637 1.576678 -0.074181 1.352864 1.372552 16.622155 12.286646 12.110405 0.000079 21347.027103 -37.376405 216.292914 4.766930 1.827605 58.209952 19.979152 19.993437 22.442571 -10.127857 34.126699 0.751945 179.244183 5.491542 2.190144 
1005 -31.405200 1.302156 17.309930 74.750503 0.630984 -0.124339 2.112231 0.068263 2.234151 7.567732 17.548405 7.854620 2.318846 18.847422 17.944864 -2.234236 789338591617998371845258395118089086320899468792949282553611339767062292595734898278400.000000 0.000000 277.031228 -149.306194 9.155501 5.678426 35.597020 -26.304241 11.480206 0.257907 -0.000000 -413628552758175535891554415640824451480576349442073147603725454409728.000000 524.665201 
1011 -17.609200 0.984708 8.418030 72.516165 1.000000 1.000000 1.491262 -0.173742 1.247637 1.755426 9.674073 7.753914 5.510953 4.428759 43.788765 5.337502 0.000000 4534039059812217923999675657055005657034936811520.000000 -405.164715 -55.810232 -8.673847 8.949190 29.402680 0.509363 136.666208 10.065136 6.830964 2.506039 0.148576 
1012 112.946100 1.002389 77.177979 73.904893 1.108754 0.234229 1.550573 -0.153967 0.986966 1.141638 3.091439 3.132265 2.707897 0.000000 518034.034153 -74.058283 -0.000008 32894.222025 56.883081 0.064578 11646242.863979 22.606634 11.488989 1.549034 49.469800 10.380291 -50.177671 2.344368 0.364142 
1013 -57.630200 1.128793 -34.580130 68.471250 0.224219 0.030547 1.581438 -0.002202 1.610686 1.639331 3.030959 1.881782 1.848900 11.672271 25.696845 -4.470296 -0.000000 51148433416526536860299702836785325151354880.000000 -459.395176 -83.679892 -8.183317 14.421019 22.978152 -224.814585 1.632401 -0.513962 -17.200623 21.219320 3.130780 
1015 -10.160900 1.009750 16.917983 69.763650 0.147945 -0.153115 1.058838 -0.091716 2.069790 3.169484 5.982638 2.890457 1.887575 80.592480 5.121448 4.399887 -277.003557 2.023876 0.656684 -201.682601 4.458831 -80.592190 5.130214 347.053311 2.321196 -9.216775 -8.633835 2.431802 0.148581 
1016 65.300600 0.990418 14.088280 69.084838 0.402285 -0.331588 1.129989 -0.031175 1.032262 1.058404 3.715371 3.599251 3.510353 0.713622 116.214355 9.594812 1.358721 81.150376 8.080811 1873.120347 -0.557861 10.507125 25.501860 -1.478631 76.229501 8.224481 -0.000000 -0.000109 -23.756281 
1017 -57.648600 1.066759 -18.506846 69.520015 0.485925 0.164238 1.979471 0.242278 13.959319 13.959339 53.975682 3.866642 3.866636 -1.300134 156.157263 4.682877 -15.143049 35.854196 1.472664 -3013.612608 1.067623 -2.331914 107.569712 -15.144408 35.852752 1.472442 -563.801172 -1.790335 1.001903 
1018 -45.078500 0.988922 -36.079633 74.867341 -0.042661 -0.004056 1.126855 -0.217026 1.538965 1.647621 6.804209 4.421291 4.129717 19.591582 17.113406 3.253790 -0.000000 46963949661660466253208198578176.000000 -390.914676 105.983450 -7.064930 13.716817 20.834983 2.169737 49.215241 8.889090 12.256724 -10.897657 0.408097 
1021 140.553400 1.039000 103.288354 78.791539 -0.431205 0.282375 1.795602 -0.306474 1.162176 1.168370 3.361420 2.892350 2.877017 0.000000 9969932189324981983344852992.000000 -1063.863384 -45.757267 6.804996 22.848357 -1.437428 -8377727.771495 -37.601670 7.982265 -0.997470 48.251220 66.953300 39682.257212 -43983.202084 -9.729929 
1024 -3.842100 0.964745 -3.966667 74.758749 0.417798 0.043165 1.074696 0.085787 1.097062 1.126733 3.348683 3.052410 2.972030 16.917477 21.515066 4.886807 -7.614590 32.151141 6.066919 -70.788834 -4.272941 22.897922 18.340638 4.705175 7.473329 0.209697 -12.073330 25.588008 5.509595 
1025 -41.633200 0.968968 -13.595926 73.433746 0.227928 -0.050131 1.409557 -0.517221 2.330818 2.377013 26.832152 11.511906 11.288182 10.322209 61.926115 -5.054417 25.103759 38.893040 2.585670 2320.338417 1.765501 17.945870 45.344055 -381.557985 3.095373 0.794899 24.856411 39.047812 2.657269 
1026 15.727100 1.102375 44.029623 83.507945 0.253787 0.593643 0.931205 2.479259 2.258339 3.466979 15.535922 6.879358 4.481112 36.995263 9.669316 -7.472728 31.487945 10.570366 0.465283 1908.291479 -1.524506 -62.132277 7.470697 342.715993 2.814731 5.404301 16.117754 3.163436 0.148581 
1027 105.638800 1.362640 82.208344 76.392295 -0.099076 -0.772566 4.748098 -2.508935 1.338508 2.263542 2.589620 1.934707 1.144057 79.889042 6.561059 4.994304 -0.608029 69.236662 -30.785028 -252.020427 2.877437 81.634617 6.549471 22.373242 1.488110 0.148583 -43.229982 8.477572 8.295520 
1028 7.028000 0.972833 3.066549 64.788618 0.214804 0.061759 1.450387 -0.193767 1.439166 1.462030 2.860758 1.987788 1.956703 0.000000 1240140141808612091466199582781680906965079863633509351424.000000 -719.816089 1.351327 56.740658 6.301601 -753.751394 -1.320891 13.240220 15.260591 224.443340 2.151883 1.484627 -3.442615 34.180056 3.365718 
1030 -34.639700 1.027496 15.380929 68.418486 0.090440 -0.013361 0.909947 0.079932 1.626136 1.629219 3.476936 2.138159 2.134112 -96.304082 7.135069 2.462744 0.000000 122125.112354 833.181004 278.585993 4.339039 -85.579328 7.453600 0.000001 45365.252543 -692.753978 50.923272 -7.283942 0.961799 
1032 111.792400 1.057068 106.197182 84.069280 0.067115 -0.149234 1.883209 0.046320 6.011302 6.049917 28.619532 4.760954 4.730566 11.134663 62.974168 7.572430 0.000000 1408949086699567672473222643712.000000 212.026443 -553.381533 6.076592 44.669162 30.275289 96.064572 10.070999 -0.864672 0.000000 3205859197.173489 64.105475 
1036 31.300200 1.042359 28.570600 73.471462 0.063237 0.068790 0.824522 -0.169121 1.123496 1.124375 2.330845 2.074636 2.073014 163.777801 3.844117 7.142328 187.548790 3.566427 -3.785019 3.101658 -36.333058 -118.933863 4.533255 215.943674 3.207215 3.395068 0.000064 24485.627870 12.034904 
1038 62.360600 1.072690 -8.629324 70.239201 -0.378153 0.707587 1.608380 1.839429 1.909498 1.945845 7.677022 4.020439 3.945342 0.000000 30891001839603766626599222505801515008.000000 -968.965839 -12.632773 15.307891 2.143525 -2779.517596 -1.014725 -31.476115 9.053222 -387.779513 1.871190 0.775256 12.613758 15.282606 2.378139 
1041 -34.517400 1.056969 27.773547 63.877232 0.415941 0.001656 0.678888 0.131832 1.869355 1.945165 7.453302 3.987098 3.831706 76.941095 9.817950 -2.141882 -130.864821 4.475485 -26.554387 247.387135 -6.180434 51.395788 11.911846 377.500081 1.725699 0.520855 -75.074377 10.003758 1.679885 
1042 123.911100 1.130153 156.642410 87.253720 -0.197480 -0.163084 0.867976 -0.596581 2.647836 2.997461 8.295491 3.132932 2.767506 17.117595 12.635601 -10.540337 1788.459645 1.065529 2.258266 151.613667 -5.841579 -47.222812 7.542839 -312.325877 1.797998 0.399903 -39.595797 8.400718 1.970855 
1044 8.841100 0.988353 22.624234 82.868937 0.499205 0.010625 1.447352 -0.028060 1.291332 1.187692 6.845400 5.301036 5.763613 -1.433000 178.484784 4.864304 0.000004 507365.276439 20.628156 -44.311631 -16.973383 -2.952170 113.177841 131.421693 1.879236 -1.689297 3.281970 108.440627 3.681511 
1047 16.536200 0.996981 42.928603 83.225821 0.615846 -0.339769 1.746989 0.049116 1.801127 1.703866 9.875589 5.483007 5.795989 15.392353 22.619389 3.810245 -0.000000 4075110197035557902465157880982147226367173367930584783912960.000000 638.544958 101.895178 7.819897 14.097400 23.728660 22.614522 18.665122 2.568761 -250.703676 -1.796771 0.454208 
1050 25.117100 1.109502 -3.495419 81.943426 -0.524543 -0.016544 0.245422 0.767670 2.259841 3.080114 9.764560 4.320906 3.170194 -58.236269 13.263568 -5.671059 -550.272386 3.355666 2.639383 -134.551018 11.041409 -76.535524 11.595043 -101.766398 9.338901 -6.101298 -7.963178 -15.735815 0.175595 
1053 3.818500 1.063041 1.243169 77.184091 0.437149 0.113467 0.751176 -0.186276 1.176243 1.187504 4.308563 3.662988 3.628252 99.811256 4.907530 -3.284721 -77.064517 5.574157 2.267109 -7725.187080 0.521611 -104.611387 4.774478 230.164654 1.512849 0.401580 -79.170807 -5.506281 2.318877 
1057 58.971200 1.049114 51.060587 59.429926 0.045695 0.012956 1.934645 0.090759 1.184662 1.227456 4.989575 4.211813 4.064974 19.955851 19.774287 -5.210393 45.056258 11.291917 -4.670850 -23.179595 14.693412 28.581913 16.391749 -23.087305 17.775837 -5.312225 -1.980328 6.553841 0.148591 
1059 -27.899000 0.985643 22.352950 74.808697 1.565126 0.149874 1.513495 -0.119339 1.510436 1.526463 4.366474 2.890871 2.860518 13.406641 13.961031 -4.240672 -31.953246 5.916169 19.225158 -63.433253 6.850361 -14.682883 13.297507 3.467640 23.817723 11.914108 -7.758691 10.187571 0.482015 
1061 69.773200 1.282260 8.879625 65.364812 0.099205 -0.994605 0.753393 0.172326 1.434304 1.892673 5.829996 4.064687 3.080298 -268.830253 6.205806 4.186285 -1981.058122 2.029520 12.277442 184.795780 5.831966 -262.608137 6.283151 -410.575128 4.847824 -6.413969 9.041672 9.518279 0.158844 
1066 -102.185300 1.208828 -10.071894 64.184978 0.285438 -0.554654 1.668505 -0.015053 1.648632 2.300001 8.224420 4.988634 3.575833 35.496888 15.660236 -2.221792 0.000000 3154304117916432212458505881501485910272949458924371705856.000000 477.210188 202.645962 -6.944877 13.350701 26.681531 1.799632 63.879785 8.108741 28.973483 10.787859 0.432854 
1067 -183.000700 1.126073 -49.794370 67.960249 -0.095327 -0.462701 0.896868 -1.105862 1.209280 1.254973 2.585277 2.137865 2.060025 112.414001 3.310878 -1.842901 -0.000000 645254233.406768 402.894347 -413.218929 1.960347 186.564996 2.565677 40.487567 3.634964 -0.600107 -220.169733 1.818727 12.868482 
1069 -105.389100 0.970629 -81.003844 66.331316 -0.079387 0.154563 1.221728 0.221225 1.576403 1.543927 6.839402 4.338614 4.429874 0.064356 567.423919 -15.639594 -3.234517 63.491993 6.415709 -3017.823927 0.868928 13.403764 28.146602 33704758.127563 0.011652 42.786941 5.259333 47.047423 3.571176 
1071 39.380700 1.243961 5.697310 74.103092 -0.009928 -0.121738 0.417427 1.315998 2.749787 5.211530 14.966600 5.442823 2.871825 -81.226599 7.773398 -3.319538 -61.291481 9.103379 1.293216 -5194.871509 -0.936526 -77.017605 7.961053 2809.558843 1.141927 34.953611 21.606209 9.446292 0.279005 
1075 41.288900 0.983527 22.796346 78.481344 -0.389729 0.299637 6.025616 0.081633 1.014722 1.169351 2.272372 2.239403 1.943275 -22.259535 13.411297 -7.726402 -32.762141 10.884827 6.351772 0.461460 6570065.109236 41.001603 9.890484 -3.015495 2.670698 0.148583 -12.578663 17.618892 11.351355 
1076 25.428200 0.990634 73.645733 71.756738 -0.019854 -0.015880 1.046731 -0.391589 2.602895 2.682468 13.286971 5.104690 4.953263 -1.131172 124.634905 -11.062852 -0.033883 516.446036 -50.277575 60.657172 14.055602 -20.371070 25.187436 988.634725 1.829950 1.908855 20.518336 25.914901 2.373539 
1079 192.754500 1.008858 156.329128 85.265491 0.424998 0.007294 4.638214 -0.469176 2.441210 2.441394 6.223561 2.549375 2.549184 0.000000 19868178772082446586339676866767233841364992.000000 -954.069914 -10.824650 26.872440 4.456559 3018.455049 1.284276 45.298455 12.269551 553.794642 2.163654 0.985601 -10.716366 27.009860 4.519493 
1080 -45.245800 0.967698 -20.045347 71.970030 0.416777 1.565536 1.430107 -0.082207 0.993030 1.002890 2.434410 2.451496 2.427393 7.054695 36.260020 4.544041 -6.242537 38.721794 4.668425 9.776697 4.506605 9.521516 30.587203 -7.162990 35.938054 -4.519212 0.000000 -15.956660 -0.479139 
1082 57.798300 0.982302 68.003849 67.297593 0.339293 0.016785 1.134576 0.061601 2.829498 3.120262 9.475543 3.348842 3.036778 5.253735 47.097165 -5.718280 18.443177 24.429710 1.823657 -1250.700019 1.730451 11.948285 29.781792 193.755753 3.070870 0.696568 18.508922 24.334169 1.959280 
1083 118.517900 1.000192 73.788356 86.302365 0.189006 0.060670 1.239880 -0.039369 1.761986 2.512802 6.869631 3.898801 2.733853 -0.000000 64185950807012747474482011792642564347381230104119071465275392.000000 -874.978056 -378.539568 3.075577 -2.575702 45.262012 -18.378143 23.744025 16.073220 -363.607168 2.618591 1.046271 6.838611 34.384500 2.874522 
1084 -31.724800 0.972964 -21.842423 94.564967 -0.568093 -0.217798 0.587129 -0.086474 1.432129 1.619164 2.707385 1.890462 1.672088 3.406759 27.654882 -18.893861 -132.180008 3.816103 -2.429241 14.930603 19.071769 -36.721970 8.187436 12.617690 0.810292 -0.148576 -0.346328 92.964611 24.043881 
1088 -42.781800 0.974253 -18.904912 61.373762 0.538193 0.287608 2.595433 0.104494 1.445880 1.716340 11.149808 7.711433 6.496271 -1.232511 118.481435 -5.782553 0.000000 33567646448719990766035988306549506511870072270541729529843578480973924270080.000000 422.267303 47.095879 -10.550090 -4.248699 56.223811 -3.796944 61.448914 -3.972810 -248.753633 -1.609323 0.564833 
1089 -44.560100 0.998181 -11.471749 89.102848 0.438284 0.080096 0.904075 -0.090571 1.227830 1.427188 3.300256 2.687876 2.312418 79.574849 7.365367 -5.950400 397.975832 2.752912 -1.891986 99.680179 -8.261289 -88.178694 7.050386 129.976001 5.578853 5.268351 3.886044 4.515319 0.148586 
1090 12.318000 0.961087 51.513646 72.804205 0.343876 -0.635821 0.824057 0.102781 2.057016 2.112893 22.258676 10.820855 10.534691 -14.285300 32.653178 -2.902094 -21.275004 26.456122 2.076425 3745.731405 -0.837072 7.055579 49.281968 299.858975 1.922256 0.562703 21.287569 26.440765 2.084077 
1094 -16.134700 1.008282 -25.100255 64.535313 -0.235169 0.157411 0.733957 -0.401916 1.058795 1.205193 3.033753 2.865289 2.517235 -70.093632 5.256282 -8.323855 -73.287977 4.632055 -2259.347199 -66.969329 -3.251521 -64.018559 5.558415 -143.182583 3.559855 -20.357893 3.544812 2.323277 0.148585 
1101 -18.811100 0.962503 20.783875 78.917400 -0.095423 0.048329 1.084757 0.145578 2.765735 2.862914 6.067427 2.193784 2.119319 8.440085 31.268553 -6.712390 40.717676 10.096177 9.001117 -54.419782 -11.994039 22.542457 18.434437 469.362641 2.032532 -1.536051 -23.311611 18.562689 2.014968 
1102 -10.761500 1.020480 -8.012701 66.632076 0.521793 0.039652 0.512676 -0.347613 2.363790 2.864239 8.183949 3.462215 2.857285 -39.499497 7.559099 -4.050532 -0.000000 35630116219199856602559011851065399845308038381568.000000 330.135040 -353.292263 2.693270 -39.722469 7.539978 32.779213 5.040538 0.462402 0.000000 164349792727110159716843520.000000 383.208541 
1103 -101.362100 0.985901 -79.538894 67.499304 0.654732 0.458441 1.342232 0.058491 1.158815 1.357848 7.870818 6.792129 5.796537 2.112178 51.766623 -9.321083 -9.465084 23.787286 2.723449 -715.233821 -1.679457 15.389470 17.630645 -37.296398 3.476946 0.252725 5.404002 31.781430 5.230053 
1107 11.272700 1.030730 15.868755 78.198879 -0.085449 -0.775008 0.999790 2.089517 1.154551 1.265270 1.576924 1.365834 1.246314 396.808111 1.983318 -3.677649 -289.005736 2.300454 -2.419185 1.295964 -4786055.761051 457.340549 1.857492 -303.369569 2.253814 2.886657 -0.000000 0.000000 -75.563809 
1109 58.927200 1.013528 7.333244 64.862037 -0.265717 0.164478 0.604181 -0.049035 1.389981 1.398362 20.656245 14.860811 14.771746 0.000009 104500.110945 -26.014640 -2.593088 66.846412 4.324390 -2512.073600 -0.928493 -5.293909 41.189136 -290.847825 1.856239 0.730052 -2.540215 67.571103 4.381253 
1111 -7.504300 0.976785 12.993511 66.763829 -0.600612 0.019633 0.810373 0.115979 1.035795 1.032083 2.912139 2.811502 2.821612 11.283975 17.609101 -5.325277 -12.431773 16.747824 4.951012 -206305.747317 0.240549 17.546316 13.944150 -0.000000 6901232417972.752930 -141.236942 14.378531 8.449683 1.413379 
1112 24.480000 0.982146 23.901352 65.440149 0.240544 -0.015879 1.338066 -0.012695 1.359108 1.394980 4.598547 3.383504 3.296495 1.309653 106.451699 -8.171196 -74.274491 8.029015 -2.581355 -36.460582 24.187866 11.397635 31.142652 41.127222 12.220022 -3.307898 -5.427075 -40.251493 0.656347 
1114 28.502800 1.068017 58.190645 64.978147 0.470590 1.732955 1.005508 -0.021062 1.034509 1.154130 1.386149 1.339910 1.201034 122.412622 4.292147 2.505085 -217.897986 2.529330 -8.836900 192.838634 3.001840 158.342175 3.746308 124.157698 4.137086 3.135645 5.216021 1.724573 0.148583 
1118 -77.002300 0.917399 3.910094 74.626496 0.225975 0.009579 1.383527 -0.001485 2.629171 5.510539 26.585460 10.111726 4.824475 15.275213 103.416001 5.713499 -25.458943 79.821728 3.429557 1614.874594 -4.426063 35.132187 65.143822 132.591499 8.334892 0.251856 -19.775988 90.750797 4.608726 
1120 -32.711500 1.065319 -0.451999 70.123388 0.134135 0.295695 0.785375 0.435495 1.070623 1.097110 4.268415 3.986850 3.890599 -245.717922 3.031119 6.425015 355.230703 2.218528 1.178520 -101.135946 -5.709690 161.845142 3.735553 421.383079 2.306703 7.109052 2.517777 2.666587 0.148580 
1122 33.664500 0.981146 50.631226 83.907690 -0.110762 0.287460 1.125743 0.146594 2.283872 3.158643 7.622992 3.337749 2.413376 31.010341 10.040061 -4.005012 -36.704847 9.442281 1.485427 -2729.136774 0.862525 31.050030 10.033503 -1.042356 50.760421 29.244296 12.031547 8.263468 0.181770 
1123 90.904800 1.000745 55.707312 76.177782 -0.089629 0.377366 3.708945 0.180941 1.411853 1.420821 3.410041 2.415294 2.400050 0.000000 1433744268722605274336542883022938868077821952000.000000 -663.560328 -0.647263 89.580332 -12.166834 2880.567046 0.720797 -17.891619 14.606485 0.529587 99.738757 -12.907370 -281.323864 -1.492724 0.707339 
1124 13.200400 1.044623 9.540017 82.102005 0.517474 0.401573 1.754088 -2.143934 1.326667 1.347670 5.149502 3.881533 3.821040 22.202278 16.832222 -6.129327 29.264588 14.677897 -4.288638 15963.719768 -0.504444 36.947046 12.967782 0.000000 552694835545421248.000000 404.591605 14.068231 10.797694 0.731069 
1126 14.018500 0.987991 47.423197 66.593860 0.100031 0.227817 1.962611 0.412347 1.351419 1.367093 5.925113 4.384366 4.334096 2.468289 51.854698 -7.986480 6.466942 30.726777 5.321096 -6748.635577 0.539499 13.286004 20.471262 -6.419353 30.839878 -5.358949 -250.900657 1.478164 0.492650 
1128 2.749100 1.008548 10.685689 91.659126 0.087101 0.294222 1.975371 0.363429 3.754427 3.773297 12.147569 3.235532 3.219351 0.494137 144.171989 -13.217035 -23.581075 17.861415 2.040863 -3589.023453 1.050816 19.501878 18.954481 -23.566157 17.879314 1.994091 -777.527055 1.674671 1.126389 
1130 25.343700 1.017578 -7.631682 77.639771 -0.166627 0.185373 2.693731 0.258582 2.511872 2.552532 4.614010 1.836881 1.807621 1.267385 58.288140 -17.634050 20.153807 13.885687 -3.250391 4067.978807 -0.791060 30.287285 11.003221 20.141686 13.877789 -3.397904 473.559113 1.550220 0.748685 
1132 21.993900 0.988024 22.710522 78.554416 0.150495 0.055173 1.087362 0.051585 2.175489 2.192372 13.927999 6.402239 6.352936 0.995989 128.270678 -11.387929 -284.922616 4.024920 1.205441 -115.414759 14.992115 22.126899 23.081535 21.743398 24.998798 -1.113828 -290.613052 3.882499 1.130530 
1135 96.390600 1.019914 71.469741 79.693173 1.377683 0.200849 1.509039 0.219492 1.010949 1.057074 2.798038 2.767736 2.646965 0.000585 3102.782341 -33.570047 1.959541 38.329090 6.853393 -411.677634 1.163159 -13.767345 12.860069 8.181561 1.210592 -0.148596 0.011109 644.378887 22.485328 
1136 -148.788300 1.200200 -39.229176 74.302335 0.124326 -0.936695 1.023938 -1.457624 1.925386 2.040951 3.884619 2.017580 1.903338 -60.136022 5.410022 -2.406439 97.567306 2.648164 0.510731 161.147222 -4.458824 -51.350922 5.814855 55.956846 2.687183 -0.357179 38.117409 -6.709627 1.454740 
1137 5.333200 0.992352 -0.169177 79.069391 0.510323 0.737905 1.843246 0.092762 0.994115 1.082317 1.807881 1.818584 1.670380 50.874247 6.301589 -9.223320 30.551936 7.934738 13.053083 -38.021934 -2.486654 60.079111 5.870785 4.613374 1.905437 0.148690 35.858725 -7.447004 10.859652 
1138 270.844000 1.011869 244.055436 82.630212 0.423052 0.061873 1.090941 0.012787 1.223516 1.224045 3.996217 3.266175 3.264764 2.958285 41.096848 -16.288735 259.077481 3.334662 -1.700663 58.356625 12.413879 32.487171 11.996352 -251.551818 3.423100 1.777467 -10.509707 21.095685 0.932680 
1139 -2.071100 0.991104 11.514437 64.059636 -0.565478 -0.781746 2.152632 -0.217128 2.171516 2.481961 2.734502 1.259259 1.101751 7.310787 18.002591 -5.038488 -14.838553 12.561035 2.408814 -1824.242814 0.697728 11.030373 14.418119 0.000000 3947735330056348631040.000000 -301.869859 7.054878 9.517419 0.410958 
1140 5.820200 1.238281 7.183311 67.363026 0.533777 0.234974 1.860376 -0.041035 1.044378 1.320040 8.171572 7.824345 6.190398 26.339925 15.623640 -12.587528 308.101610 4.007148 2.880152 -42.349875 14.893890 64.554026 10.019899 164.415652 5.889243 -4.177392 -6.055946 19.831912 0.167811 
1142 24.944800 1.023133 13.610944 74.156742 0.897249 -0.032541 3.261620 -0.375191 1.322283 1.285445 6.743691 5.100034 5.246193 0.733765 184.871303 11.614767 -0.000000 5176456147733157068417027758531414258089984.000000 418.584620 -51.672721 10.218546 -21.142844 28.268739 4.984888 64.157226 6.706650 -229.386742 2.171087 0.629124 
1144 -30.554700 0.996683 -13.260714 71.616828 0.983369 0.074850 1.211576 -0.029731 1.425332 1.442078 4.086528 2.867071 2.833777 -18.128696 13.548365 -6.128786 -147.648664 3.643936 1.283686 52.748067 10.939986 29.641171 10.549158 -132.835560 4.116044 1.469984 8.509487 19.248175 0.659855 
1147 26.487400 0.991504 50.712572 70.192461 0.947555 0.136507 1.604244 0.031526 2.494000 3.224165 9.802484 3.930427 3.040318 0.077572 393.065525 12.494324 -180.918241 3.050040 -3.012188 -62.578610 13.536850 -7.443335 28.258454 0.098844 261.474625 -16.397602 6.083501 7.969351 0.148637 
1149 70.793000 1.113582 27.805289 61.300748 0.216024 0.128572 0.874248 0.020338 1.406668 2.334857 5.075008 3.607822 2.173584 -132.836229 6.446968 -6.714058 35214.678199 0.381902 -34.422719 80.658870 -6.367626 119.093678 6.873520 372.991179 3.703189 13.318797 -6.551273 3.869376 0.148590 
1150 2.329900 0.986819 0.551136 73.881099 0.549351 0.056706 0.995119 0.079864 1.494375 1.923062 3.413793 2.284429 1.775186 22.545759 10.968769 4.227232 0.000000 5642269711136029.000000 640.257301 73.192923 5.556624 23.935516 10.637505 12.495915 13.794795 8.149299 5.690026 2.941607 0.148585 
1151 -51.498200 0.991001 -24.840627 68.883462 0.299415 0.226840 2.146485 0.331808 1.371108 1.396817 6.692912 4.881389 4.791546 -1.656518 95.605535 -9.225427 10.374468 35.537370 3.754260 -1050.288505 1.608189 16.781160 26.429577 -143.629960 2.858967 0.699518 9.384470 37.404577 4.204355 
1155 35.050000 1.046586 -12.377898 70.269291 1.000000 1.000000 1.668300 0.020367 2.038020 2.935106 7.537028 3.698210 2.567890 1.239248 103.685306 -8.385412 16.774668 24.759991 2.330437 -1959.180601 1.200039 12.035336 28.457275 -0.011510 1292.004310 19.632810 -8.661863 4.728096 0.148582 
1159 -39.301600 0.979380 -22.494186 90.244162 0.033295 0.049526 0.983553 -0.078140 1.158908 1.390340 3.197441 2.759010 2.299754 28.150246 12.396435 -3.201764 42.540403 9.682183 2.488344 1.485169 9459289.093213 20.901720 14.506208 -8.032891 4.124710 0.149089 16.353843 15.968790 4.406935 
1163 46.154600 0.993290 63.485157 69.957261 0.584386 -0.036707 0.972994 -0.034655 1.307688 1.435400 3.536183 2.704149 2.463551 14.789364 13.017320 3.076953 -0.000000 408620856696727412002881798144.000000 -379.845412 68.994751 5.637107 9.978839 16.114159 0.003750 1019.836243 25.687244 -10.067046 8.584618 0.487353 
1164 -58.134800 1.025168 -12.380384 72.448922 0.148786 0.152500 1.369451 0.115536 2.332876 3.054823 26.988965 11.568965 8.834871 6.151508 36.993906 6.045314 -205.908145 3.355586 0.693690 139.190800 10.670444 15.585325 22.107015 3.230145 42.319815 11.824653 12.272954 4.496983 0.148579 
1165 -52.534600 1.006310 -18.373990 71.971118 -0.489475 -0.325389 0.603187 -1.131539 1.242133 1.262122 3.534341 2.845380 2.800316 20.767217 11.588402 -6.391195 0.000000 246433678739.283051 -492.735601 -52.607609 5.406885 32.412121 9.253054 18.279179 11.885184 -8.981437 2.766841 3.382571 0.148588 
1166 -81.791600 1.059071 -30.420641 60.751341 0.056652 0.044783 0.831161 0.238775 1.090141 1.165576 12.716553 11.665055 10.910102 3.179946 91.503381 11.061004 104.183870 12.104407 3.869158 -23.440671 39.563945 37.959153 24.035639 54.907448 18.083497 4.846667 -5.007361 47.910288 0.242119 
1167 334.456100 20.703190 116.165309 79.860256 -0.313515 -0.600724 0.521211 -0.971869 6.157010 6.211090 11.791188 1.915083 1.898409 -282569757321957125060820567872895712109975573076541465477800055027466177085440.000000 0.000000 -514.236167 990.666903 1.968475 -0.537175 243.979704 4.487928 319.302569 3.110008 -1020.275153 1.956537 0.558888 -44.369751 -7.633972 0.931639 
1169 46.326600 1.004711 -10.572076 70.523197 0.038375 0.160738 1.461969 0.115542 1.211295 1.589010 3.814876 3.149420 2.400789 0.360381 171.948465 -40.261143 1.302546 90.882882 -19.535969 -473.263684 2.015958 63.999421 12.060521 -20.040339 1.070003 0.148576 0.384369 169.591123 31.404289 
1171 106.234800 1.209774 56.938333 69.147310 -0.839457 0.321893 0.799672 1.643508 2.153679 2.510699 15.609973 7.248052 6.217382 76.530450 8.220516 -15.679095 -42.467681 11.264604 -1.881505 -5557.337831 -1.077022 -95.090485 7.497183 18876183309008571757720907639200677888.000000 0.000000 657.376019 9.404716 11.382851 0.175962 
1181 -16.580300 0.986310 -6.793543 66.352047 -0.122091 -0.352589 1.514156 -0.135709 1.741655 1.931106 6.089409 3.496334 3.153327 0.000000 1227250547.428513 -131.759308 -11.484183 15.326443 1.246031 -1024.109666 1.447177 -20.501265 10.610754 150.858021 2.486384 0.652430 -11.836274 15.006698 1.712875 
1184 -64.424000 0.989838 -20.050820 77.949612 0.392948 0.094593 1.382229 0.047135 2.647097 2.832951 9.229876 3.486791 3.258043 4.860837 49.726895 4.226638 13.711346 27.536362 2.415871 2520.334554 -0.835044 -5.668935 45.350233 6105642805649414144.000000 0.000000 -95.157745 14.882487 25.855666 1.786766 
1189 -111.844300 1.005593 -22.234051 72.362890 0.183810 -0.060802 1.594545 -0.090627 1.456484 1.463236 4.658616 3.198537 3.183776 14.259457 30.177753 3.492641 17.193204 27.293938 3.070061 -3519.010801 -0.621631 10.645252 35.658078 -194.725672 1.547064 -0.504167 -17.056979 27.405110 3.094069 
1194 -49.667200 1.048063 -78.529903 61.993374 0.682843 0.026999 2.235658 0.009509 1.115569 1.197720 7.707373 6.908919 6.435037 9.967224 55.309106 8.193672 -14.625982 45.506216 -5.789317 748.631968 -2.287113 39.461091 26.663561 -37.739937 5.218955 -0.251995 -11.737159 50.953941 7.079176 
1196 -16.962000 0.997978 -7.332139 69.788760 0.334882 -0.693464 1.283298 -0.075805 1.263952 1.339911 2.321325 1.836560 1.732447 -19.092519 10.716203 -5.088750 0.000000 8959266437319131150816429211648.000000 -453.684870 -91.625418 -3.558739 -24.296290 9.482771 -12.876126 6.113529 0.597712 0.000000 6162210139537859936256.000000 352.432784 
1198 11.615300 1.069872 36.772037 69.555750 -0.169025 -0.347149 3.693221 0.459769 1.231413 1.279513 1.897368 1.540806 1.482883 39635.064907 0.215325 -15.814231 -16.648850 6.781416 -1.189541 -1814.947557 -1.017521 299.588710 2.010792 2369.891713 0.730981 12.100175 -19.695262 2.564959 0.186332 
1199 -37.821900 1.180608 -66.778349 61.830158 -0.172987 0.209326 0.690533 0.356866 0.990267 1.109700 0.903902 0.912787 0.814546 2863.256851 0.790648 -6.259996 11756714036924454.000000 0.000002 -57.870996 -137.689528 1.797390 755.219033 1.424815 209815.931736 0.119196 13.136390 -3.291174 -1.493075 0.148585 
1202 24.086800 1.003382 41.294490 75.330931 -0.168606 0.223687 0.695844 0.252172 1.538113 1.760671 4.035041 2.623371 2.291763 97.491023 5.542673 4.886854 0.000000 100962999300798.171875 -887.666780 210.730807 3.038307 -95.072750 5.635366 0.000000 286446.231975 -913.074027 24.715975 5.558006 0.531515 
1204 41.166500 1.001879 14.403041 66.651712 0.107763 0.076777 1.296174 0.023886 3.022273 3.028893 18.008633 5.958638 5.945615 -0.000000 3246017731500970463599330303259401534399491264400418110726421902000128.000000 -699.546963 10.727596 31.035099 1.937065 -2157.047476 -1.641856 14.240874 24.135761 388.901280 2.783836 0.945713 10.604214 31.196002 1.994698 
1206 9.623400 1.030323 38.255187 77.624539 0.399388 0.178868 1.870301 -0.134393 1.171238 1.175919 2.658006 2.269398 2.260365 -132.661198 2.608004 7.382752 14.111156 7.162739 0.449916 -1023.601255 -1.173896 88.686299 3.198096 -180.817954 1.937901 0.799312 17.187386 6.717499 0.575083 
1211 -57.455200 0.989379 -20.697889 74.916511 1.170805 0.065069 1.555013 -0.112177 1.309569 1.320078 5.018697 3.832326 3.801819 8.570303 18.691978 5.492108 122.667327 3.013337 0.875631 -78.376757 -8.639520 14.997099 13.857414 118.458526 2.898248 0.810152 14.877652 14.349409 1.194446 
1212 -55.526300 1.006675 -21.641816 83.544844 1.091038 0.167406 2.031077 -0.140809 4.862670 4.928605 7.400808 1.521964 1.501603 20.338371 17.638238 -2.622395 -30.269606 14.482264 -1.508846 2227.085927 0.847447 9.083155 27.938336 -738.368187 1.156144 -1.446440 30.215933 14.504536 1.472962 
1216 -24.676400 0.987423 -9.592917 81.710536 -0.089701 0.179963 0.885459 0.202009 2.179931 2.195964 7.705537 3.534763 3.508955 -0.008739 1183.198119 -17.420954 5778553.014549 0.016529 736.907292 -48.352306 -11.395672 8.359300 23.064743 -520.727313 1.507427 -1.923853 12.764808 19.288708 1.630989 
1220 64.643400 1.749149 2.785793 73.266511 -0.586375 0.557045 0.267268 0.592065 1.122122 1.218574 2.508887 2.235842 2.058871 535.237847 1.962667 9.277368 3827905277555760021159012236270435827546115478126592.000000 0.000000 419.369880 60.937637 3.454235 177.311711 3.364870 -1695680677003844485504198101547932975104.000000 0.000000 -336.975460 -6.518682 6.242800 0.339645 
1221 -10.707600 0.972729 3.925460 75.035664 0.373086 0.140535 0.891721 0.095154 1.554948 1.862085 3.517153 2.261911 1.888825 29.834152 11.508028 -3.765948 -25.256885 12.651893 -1.341611 933.214546 1.621512 -27.976041 11.892247 35.444494 9.959572 -4.082277 3.730792 -3.729010 0.148579 
1223 70.139400 1.066353 74.783525 72.462800 -0.287175 0.070117 0.776606 0.211693 1.235170 1.288506 2.638438 2.136093 2.047672 -206.274825 3.436291 8.031338 -47.565864 6.495773 -13.090528 -272.299951 -1.911979 125.046840 4.431660 151.746771 3.842941 -12.155881 -13.974700 4.062364 0.323626 
1228 -70.868600 1.043196 -9.835764 72.519070 -1.103474 -0.267518 1.497688 0.456765 2.588611 2.590050 6.260174 2.418352 2.417009 81.232449 5.600396 3.860891 -575.698774 1.594006 1.097553 227.709565 -4.611749 80.816820 5.610675 -41.412773 7.824851 0.969866 -590.253016 1.592226 1.148597 
1230 -51.457700 1.052341 6.378728 72.175740 0.305078 0.087758 0.898642 -0.053299 1.355363 2.080074 3.789169 2.795685 1.821651 -80.724240 6.059823 -1.802090 0.000000 3556204947142.356934 953.637296 286.478591 -3.630758 72.094146 6.246583 56.912196 6.166894 -4.664807 19.271977 6.613825 0.256003 
1231 46.090400 0.992266 57.270130 74.358535 0.089063 0.243828 1.519761 -0.498716 1.047585 1.067553 3.348156 3.196072 3.136291 -29.829846 8.282538 4.101337 31.068984 8.135728 3.490298 -7314.594043 0.394419 -30.445386 8.198727 -28.820195 8.193679 4.874420 -1.965085 -2.746470 0.148584 
1233 158.200700 0.985058 173.960049 84.943431 0.203665 -0.003835 1.666253 0.078350 1.150900 1.159924 4.094109 3.557309 3.529635 27.244122 18.754450 -5.973734 46.087881 13.995424 -4.642592 1.155047 11568322.677560 44.279269 14.632194 49.204598 13.484058 -4.495175 1.412475 11.561776 0.148578 
1239 44.196300 1.010172 36.494300 75.048960 0.529192 -0.005846 1.204213 -0.032843 1.104427 1.539710 2.846144 2.577031 1.848493 22.172160 12.212910 -6.273087 0.000000 312382091827949.000000 -375.141142 -64.910963 5.025798 34.352650 9.807730 4.692564 25.736239 16.312051 -6.014385 2.183967 0.148577 
1241 -26.978800 1.050643 -26.845938 61.911108 -0.098904 0.050050 0.785331 0.509825 1.085701 1.110135 4.270957 3.933823 3.847240 174.005262 4.415687 6.712992 -188.111464 4.246967 4.441011 -1.100638 11430027.831498 -135.130597 5.052450 170.100371 4.481429 -5.227329 -0.000000 0.000000 -51.266823 
1243 -90.849800 1.047759 -42.305283 62.015276 0.216647 0.050632 1.211935 -0.215480 1.801874 2.142988 5.212534 2.892840 2.432368 72.560080 10.127665 -4.893857 -287.843655 4.278828 4.397050 71.159890 10.152725 79.212469 9.727223 -98.002046 8.332375 5.526573 -5.148726 4.400457 0.148581 
1255 -19.657400 1.017197 9.999363 76.275685 -0.749309 -0.325851 6.991667 -1.985946 1.433741 1.752510 1.949948 1.360042 1.112660 -27.613668 6.368435 -8.550701 -21.233850 7.339846 1.935251 1458.274051 0.805007 -39.332841 5.377909 -173.658386 2.377413 68.261631 3.970114 1.959564 0.148579 
1259 44.371300 1.022883 9.561670 64.478941 0.231664 -0.013027 0.643113 -0.052641 1.881308 2.030950 7.240125 3.848452 3.564896 47.271378 16.804712 -4.832687 49.201126 16.674648 2.607554 -2926.789554 1.375876 -55.481271 15.525881 26.673772 20.898290 -8.992203 9.985576 -14.747423 0.301925 
1261 3.650700 0.990401 6.835140 76.300289 0.151910 0.243024 0.325101 0.170227 1.131700 1.254548 3.004435 2.654798 2.394834 -24.128649 7.635950 -7.783907 -57.795237 4.792313 3.599733 1.532405 6628849.340019 35.903261 6.297764 -15.286681 1.060518 0.148592 17.277377 -9.046911 5.990753 
1264 24.459900 0.998256 48.711915 74.459679 0.786990 0.051358 0.851479 -0.048131 1.229764 1.531659 2.726529 2.217115 1.780115 60.281449 5.516603 -2.465717 249218.879268 0.059585 1092.508856 -158.740574 3.418000 57.009363 5.606510 64.351409 4.751246 5.915066 -9.814772 6.508571 0.267884 
1266 9.323300 1.019563 18.779849 80.815382 0.738444 0.257718 0.798958 0.026771 1.472257 2.143271 4.101795 2.786060 1.913801 86.216755 5.748946 3.544951 -18058293269518913214028430966784.000000 0.000000 653.655731 144.130124 -4.037685 -86.531976 5.724646 -426.329244 2.302913 33.553193 14.763784 6.928846 0.300692 
1267 -20.336200 0.970864 1.975637 82.916278 0.130543 0.020488 1.247471 -0.143526 2.219758 2.573701 7.367946 3.319256 2.862783 4.908762 32.847939 -6.153363 -18.986490 16.073586 1.983677 -1565.297988 -1.069083 12.806044 19.291400 0.000000 184917925.871521 -90.633046 -8.338536 11.757440 0.280702 
1269 -0.783200 1.070272 12.657327 80.467161 0.087531 -0.290643 4.282253 0.296048 1.460048 1.653214 3.895634 2.668154 2.356400 66.610661 8.294518 -5.193271 -0.000000 307279082342.675842 -1203.918258 -122.945762 -4.732144 -73.144267 7.950463 0.000000 117752409.832227 721.710731 17.433746 7.955168 0.532603 
1274 -8.759400 0.994581 -2.203035 74.019192 -0.066363 0.211490 0.917964 0.210073 1.095759 1.101961 2.974237 2.714318 2.699041 32.954555 9.331105 -7.620975 26.731951 10.428166 2.850848 1161.881808 1.148187 -49.300404 7.683536 311.445111 1.876859 -1.339098 22.816641 11.231956 2.302263 
1275 -3.454600 1.055903 -10.203868 60.770484 1.262675 0.048347 1.006789 -0.249002 1.461012 1.480169 2.253300 1.542286 1.522326 30.778351 11.915276 -4.155071 33.438284 11.476747 3.426890 13772.689518 -0.445202 -31.914357 11.702265 -260.462536 1.419775 0.400507 -33.487929 11.466847 3.447772 
1276 -47.290900 1.065045 -21.046137 63.216392 -0.267450 0.142651 0.688950 0.300595 1.418942 1.590012 3.110868 2.192386 1.956506 349.630001 2.620071 8.288036 26.227419 8.505158 2.901247 1233.540431 -1.350601 159.261733 3.867367 -23.621785 3.439094 0.222288 -160.197044 3.684670 8.258175 
1277 -60.317000 1.075271 -98.862960 66.513720 0.104156 0.051640 1.265696 0.059158 1.342496 1.532557 10.626283 7.915318 6.933694 18.203157 30.356617 9.733866 -27.898546 24.741369 3.687721 -2106.533925 -1.895373 -57.514860 16.895443 15.227922 31.837436 13.156511 4.859508 6.167299 0.148583 
1280 -49.980400 0.985994 -54.074396 76.135345 0.635668 0.072388 0.532595 -0.081314 0.991720 1.009181 3.845958 3.878067 3.810971 -4.190464 17.723530 -15.521567 24.013790 7.009249 -7.493773 0.806483 3474940.374962 -26.621694 6.886915 -12.283072 10.103587 -9.784185 -0.000000 -0.000019 -14.928329 
1283 -94.885400 1.013615 -37.376807 58.928367 0.373451 -0.210634 1.731417 -0.008864 2.063494 3.470807 12.344882 5.982514 3.556776 12.082324 27.270178 3.539864 0.000000 538480674064618790248379603484672.000000 -351.693808 88.941505 -9.656143 9.294716 31.682293 2.079116 64.695416 7.469134 10.470384 13.327784 0.196362 
1285 -23.241000 1.009351 -11.138969 62.597805 -0.454527 -0.191779 0.338297 2.062708 1.456159 1.525937 5.664976 3.890355 3.712457 68.337558 6.739003 -3.765961 -51.064361 7.836417 1.981337 -2330.660304 0.879655 67.457872 6.774618 108.917046 4.792074 -7.641169 -9.568734 8.837754 0.447561 
1289 -88.344000 1.035593 15.288182 80.272481 1.103608 0.266612 1.051485 0.031680 0.982028 1.562679 1.511801 1.539469 0.967442 112.887595 3.997038 -2.781235 113.706061 3.981207 -2.721911 0.100616 33653833.987342 135.905967 3.625548 210.564130 2.682562 -8.302740 -12.813857 5.168891 0.305271 
1297 98.976200 1.055552 63.356287 80.261520 -0.363307 -0.154720 2.023661 -2.111246 1.804638 1.909329 2.852304 1.580541 1.493878 12.173959 20.283988 -29.503582 -673.710101 2.426598 3.239094 62.902691 11.108580 73.397260 8.312233 -111.066108 6.400909 -22.609238 -3.136708 13.632517 0.163128 
1300 43.585400 1.070745 52.111672 66.829832 0.235675 -1.191569 0.570658 -2.139078 2.616038 3.602697 7.111064 2.718257 1.973817 36.181251 8.689379 -2.656708 -52645542203484377656681525040968662525026530970810718914150081322821877760.000000 0.000000 399.711430 -131.370054 -5.696964 24.925444 10.508790 0.000001 39737.292762 -433.910061 -17.329127 8.672478 0.431768 
1312 -53.525800 1.379499 -43.176088 65.058281 -0.298770 0.059045 0.853254 0.141310 9.823022 10.591966 15.794340 1.607890 1.491162 392.295385 3.720453 -2.584950 -390.065676 3.681314 1.050128 36.471977 10.842287 629.151425 2.944164 375.614553 3.852982 1.152896 -6.482747 17.790541 0.285500 
1313 69.836900 0.987591 76.139418 85.549045 0.154251 -0.139713 1.025778 0.037674 1.022025 1.024994 2.055567 2.011269 2.005442 -37.035422 7.971973 -3.329789 6.241474 16.857652 -10.189382 91.973536 3.831145 -31.750710 8.610058 0.000000 4144397.208028 -114.619260 25.961527 6.472027 1.303448 
1315 -58.562400 1.099669 -12.954692 68.136692 0.026463 0.334933 0.569120 0.207094 1.332424 1.350596 10.811584 8.114220 8.005045 106.033187 5.375921 6.373741 259.563772 2.866049 0.876099 109.608632 -7.017972 -98.634542 5.619412 50.449884 7.576139 -7.550068 21.805521 -3.677333 0.159991 
1316 11.828600 1.025033 32.599658 72.845611 0.180193 0.044444 1.024604 -0.004211 1.307039 1.457382 2.110691 1.614865 1.448276 75.751053 5.273880 -2.274405 15.072218 9.986366 -0.562306 777.922961 1.921018 -65.615559 5.570354 62.049240 5.716219 2.358770 -13.414005 1.221670 0.148586 
1325 79.655500 1.025575 74.194949 85.844869 0.217391 -0.045136 0.971222 0.156577 1.350369 1.993545 5.546177 4.107156 2.782068 -71.410716 6.273681 2.752532 0.000000 18099631471860871793213440.000000 536.029871 258.737079 -3.217962 65.951173 6.470336 18.538383 5.818535 0.217526 32.269119 -8.390964 7.899551 
1327 59.897600 1.087165 90.000549 72.948197 -0.165992 0.114226 0.705523 0.166218 1.035794 1.160541 2.450880 2.366186 2.111842 -3841.372088 0.855848 -29.803473 -550.903654 2.165648 4.126036 16.993438 -12.349420 130.061165 4.498983 -767874.068201 0.062603 -92.677787 -6.591976 4.325544 0.189630 
1332 -13.728400 1.043119 -10.298064 64.852918 0.628253 -0.011286 0.865933 0.054875 1.088458 1.100814 2.118801 1.946607 1.924758 138.751425 4.591774 -2.242060 -367.594385 2.182399 6.314343 203.718583 -3.551680 188.798532 3.877035 115.119373 1.853964 0.344669 109.872016 5.109993 1.820900 
1341 -40.305000 0.969721 -15.323638 63.618371 1.270817 0.042801 1.636841 -0.148876 1.100409 1.167818 6.964621 6.329119 5.963790 1.868576 53.700470 -10.959977 120.640784 4.576805 -2.277763 -34.270878 -15.950830 17.925395 15.968128 55.208627 7.691088 3.582097 -4.371787 26.244599 0.395260 
1344 30.427300 1.194946 13.549229 66.566370 0.273716 0.057007 0.855473 -0.265438 1.283349 1.482173 1.618863 1.261436 1.092222 193.835338 3.249965 -2.602311 -857957439568508629939697545122629162928963584.000000 0.000000 344.081000 302.470598 -2.479464 319.201099 2.558958 -2640402058478.776367 0.000054 -74.727539 30.376547 4.736321 0.535148 
1351 52.515000 0.994825 77.302753 80.115365 0.683682 0.002396 1.416919 -0.112131 1.347795 1.371953 4.299803 3.190250 3.134074 9.968370 28.266326 -4.466766 -13.779264 23.823033 3.546237 -6349.415220 0.554475 12.374479 25.094806 -186.148569 1.662459 -0.344702 13.613456 23.968060 3.595396 
1355 -98.624400 0.996197 -62.869839 74.506988 0.466439 0.550180 1.300354 -0.217166 1.088075 1.261186 3.764555 3.459830 2.984934 43.886094 17.805674 2.358022 -44.698544 17.651870 2.299148 -35720.803791 0.333740 -18.582207 28.563163 0.000000 1648035086865828864.000000 128.282633 48.994779 13.931088 1.492756 
1356 -50.464000 1.088457 26.350952 61.502029 0.577137 0.197342 1.725987 0.047082 2.317871 2.468333 28.358673 12.234792 11.488999 52.523141 25.405267 2.542197 7.953527 60.209429 4.324692 -318.806820 8.321702 27.812113 35.567597 25.447651 35.341203 3.162286 -38.216591 12.053623 0.533945 
1357 55.425000 0.983444 49.458848 69.621304 0.098795 0.005087 1.106463 -0.003021 1.442899 1.472659 4.024154 2.788937 2.732577 0.004928 2117.754867 -19.835290 -1.299837 90.644844 -7.595421 2715.400702 -0.746675 10.622270 27.066208 194.990205 1.733906 -0.549663 -1.197911 -94.798658 7.811748 
1364 -39.032300 1.116511 -45.234550 67.513903 0.290129 -0.218329 1.393127 0.163518 1.178879 1.453657 2.665414 2.260973 1.833591 -195.920469 4.129228 8.382441 52582756581375044878730264576.000000 0.000000 619.857940 -92.098377 -3.720983 -127.580567 5.158062 33718554741853036.000000 0.000000 316.098560 -9.244863 6.963775 0.276890 
1366 -13.096900 0.983204 3.091520 65.965433 0.294949 0.416640 1.717336 0.167419 1.224169 1.289906 6.689397 5.464440 5.185956 -0.749382 67.867688 -12.059682 0.000000 125116447310.066498 -479.217097 -31.349984 -8.861175 -13.541168 14.056758 -0.062599 235.000073 -23.098062 -3.539154 2.788543 0.148577 
1368 26.294400 0.979632 53.671230 74.312624 -0.607465 0.343484 1.805857 1.185548 1.556825 1.595870 6.564032 4.216295 4.113137 6.088198 43.999161 -7.435445 44.356855 11.989198 -5.742740 -37.463812 16.814048 23.108170 21.295108 -11.774589 27.712252 7.479938 4.567269 -22.537950 0.434368 
1372 -15.426000 0.982576 -9.963114 81.498283 0.400447 0.774143 1.303905 -0.084739 1.034619 1.082527 2.576955 2.490728 2.380500 1.899370 60.896534 6.280252 4.882274 36.215640 -3.918437 -264.100019 -1.492561 -7.001090 28.724174 2.764586 49.584726 5.313834 -11.565794 0.871122 0.148577 
1384 37.336500 1.028445 44.795472 72.109750 -0.386636 0.154184 0.710554 -0.255850 1.162906 1.232895 5.503945 4.732923 4.464246 -82.290444 6.335243 -7.144072 18498256262861096.000000 0.000001 297.237506 68.549799 5.209357 83.607224 6.341620 143.761804 4.635095 10.649518 -3.944029 3.495201 0.148593 
1389 11.069500 0.998718 36.173619 67.925716 0.465854 0.055400 1.912686 -0.205572 1.068581 1.201850 2.595964 2.429357 2.159974 -38.385402 5.976741 -7.229493 -0.000000 193994023.564390 -242.171428 97.808593 2.419603 44.352089 5.607112 -10.911738 10.821519 30.077146 4.635250 1.675894 0.148583 
1401 -188.700800 0.991881 -176.849501 55.403914 0.322796 0.031793 1.350396 -0.037947 2.046859 2.127158 4.370353 2.135151 2.054551 8.502911 28.554065 -4.558143 -1.625615 52.144980 11.202458 49.686008 -10.171436 11.213889 24.455920 4.067659 37.405261 -7.170017 -6.116487 15.577934 0.466476 
1404 -81.446000 1.002220 -48.425915 67.176674 1.180642 0.142325 0.963730 0.189571 1.197848 1.470356 2.466107 2.058780 1.677218 -50.275709 5.177567 -3.063203 0.000000 12279143149495624.000000 539.096123 145.710779 -2.780250 48.959863 5.211991 -37.540022 5.586771 -6.748647 -7.581039 1.725637 0.148585 
1412 -4.400800 0.983722 10.789310 71.171976 -0.335002 0.200795 2.694198 0.043410 1.081352 1.107207 2.936546 2.715624 2.652209 0.048626 237.301664 -24.111495 -6.295994 17.999922 -3.736033 -610.626737 -1.133283 -15.492953 10.864649 -58.401251 2.207694 0.590145 -5.180955 19.904314 4.893644 
1415 -41.638600 1.041878 -8.462717 68.108000 -0.103585 0.181251 0.334661 -0.051126 1.998634 3.311930 7.131549 3.568212 2.153291 166.041761 5.372497 -2.304740 -12666982084519993894287492164385302502867263438414447665415478426206208.000000 0.000000 508.926715 345.094835 3.984105 -212.190989 4.701840 -803.410233 2.105731 -9.121032 -31.024115 7.408884 0.430425 
1416 -43.296900 1.004798 3.510581 64.192698 0.481376 0.021450 0.876682 -0.072140 3.956933 5.079910 9.448137 2.387743 1.859903 90.297379 15.200831 3.255288 0.000000 13785747362540947456.000000 -259.657526 -400.867796 6.864483 80.373360 16.046343 21.534534 28.227763 7.509263 39.589360 11.608128 0.542734 
1417 7.073100 1.125767 21.465660 62.990678 0.396777 0.119685 0.958933 0.129678 1.148449 1.252009 3.028516 2.637049 2.418926 72.989835 3.242393 -2.860776 77.222120 3.141817 1.667543 -1.310798 -503057654.757067 86.658229 2.963824 -10229850083356709289459712.000000 0.000000 -296.353433 13.236896 4.154978 0.373710 
1418 24.098600 0.969860 41.709883 80.585207 0.236423 0.351270 0.935911 -0.150468 1.732406 1.732554 6.069908 3.503745 3.503445 25.888331 27.661702 6.603974 30.944947 25.530915 3.091132 -1684.614417 -2.199560 51.572870 19.402472 -322.144147 3.689617 -1.019882 -30.885091 25.559260 3.041156 
1429 -52.961200 1.010102 -41.153855 69.389888 -0.048527 -0.015180 0.711213 -0.310530 1.820533 2.135689 10.357964 5.689522 4.849940 13.985404 34.936440 6.667202 -27.111442 24.805984 3.976519 -5695.597804 -0.942675 -33.046409 22.113691 355.399364 2.429629 -0.334833 -26.607009 25.025036 4.134245 
1431 52.235900 0.980460 54.597132 80.842049 0.465926 1.167654 1.212112 -0.067899 1.235563 1.259506 2.830968 2.291237 2.247681 2.522645 44.830198 -7.758939 -6.061378 27.869545 5.263349 3549.447053 0.559503 -12.088070 18.918596 86.570842 1.770087 0.288715 -5.889282 28.292564 5.374178 
1433 -76.363000 1.018252 -24.341951 73.127918 0.668039 0.234804 1.911985 -0.197126 3.060949 3.803532 6.676993 2.181347 1.755472 25.035667 10.340441 -3.977091 30.948836 9.478582 0.942187 1576.464825 1.116863 24.872023 10.375859 -41.059859 6.755835 7.835027 10.183684 9.711441 0.241428 
1449 113.257600 0.989715 56.537988 67.469757 0.296837 0.027397 1.617846 0.069814 1.084995 1.115679 14.629991 13.483921 13.113082 0.286125 488.871882 11.603503 1.133150 223.305459 8.751357 -2914.259748 -0.953943 15.101786 50.407810 -188.993061 2.579300 0.379486 1.258091 210.432685 8.534676 
1456 -29.773900 0.980906 -19.218060 79.075947 0.368591 -0.059110 1.445187 -0.104914 1.155253 1.411701 3.166186 2.740686 2.242816 5.347305 18.121284 6.941058 0.000000 367802551837115132411904.000000 -494.740461 34.075873 -5.410824 -14.407870 10.643441 0.039926 238.213482 24.071188 4.482197 1.080474 0.148575 
1457 -56.065100 1.025093 -38.093794 63.235300 -0.444714 0.536019 6.366831 -0.428831 1.080522 1.145707 4.933429 4.565782 4.306014 0.004101 1186.983082 -46.264510 -234.197592 3.224642 -3.168917 34.486961 -13.862744 32.898364 10.512145 274.010713 2.192080 1.202761 11.010258 19.183970 2.982996 
1460 -31.794500 1.007810 -42.909035 63.935666 0.192746 0.076501 0.982526 -0.059729 1.124295 1.159076 2.493367 2.217716 2.151167 81.953138 4.623488 7.261199 364.799723 1.945039 2.235519 -60.706390 -6.474268 -72.381948 4.962058 143.542261 3.420914 9.523261 2.216136 2.232320 0.148577 
1465 -16.914700 1.000244 32.758499 70.996451 -0.254641 -0.419163 0.925757 -0.232699 2.724954 4.351831 6.191960 2.272317 1.422840 51.980435 8.732483 -4.480181 1460450981304137303004807168.000000 0.000000 349.365878 -110.284355 6.076617 55.273891 8.481351 -8.825397 10.234932 0.242169 73.230456 6.651915 9.501588 
1470 -1.527200 1.038622 -32.576317 67.238158 0.168467 -0.584690 1.059005 0.014654 1.096704 1.098657 3.147043 2.869546 2.864445 7.833912 20.223579 -13.594305 -15.965292 14.070799 -7.951061 -7585.132871 -0.472591 37.524013 9.091659 313.395376 1.218331 0.582960 -15.900216 14.098183 8.043132 
1471 -18.970100 0.984320 -13.970280 64.036430 0.205418 0.053575 1.340604 -0.061285 1.128821 1.254529 3.292232 2.916521 2.624278 15.976640 13.738301 -8.634039 14.905235 14.342345 -3.870424 -648.780080 1.385044 36.713178 9.033597 -28.893390 3.050777 0.297862 15.298752 14.125355 6.071918 
1482 -77.695300 0.972798 -20.041785 78.699458 0.032305 -0.188129 1.002245 -0.085421 3.074518 4.932155 11.307663 3.677865 2.292641 20.264202 22.012354 -4.015689 0.000000 93248144565906508534853982033830780484976640.000000 727.041631 116.460238 8.709077 20.399997 21.932262 0.000120 12769.836184 -41.095189 18.575527 12.765526 0.436422 
2000 -25.178000 1.063065 45.247737 82.876891 0.340754 0.110415 1.123461 0.111275 1.407150 1.794212 11.265706 8.006046 6.278915 30.746194 15.391987 -3.354714 -0.000000 650895190926118813099167318016.000000 -509.130851 133.299375 -7.184553 24.490409 17.306028 1.206133 75.817499 13.648757 -17.505815 10.910004 0.285586 
2001 -53.577900 1.078099 42.675513 64.670635 0.280577 0.015545 1.492881 -0.067459 3.344123 4.265586 32.289495 9.655595 7.569768 41.240601 28.639967 2.071687 -0.000000 245934837197422886138059177099106686369545097179896933691329301393893390958456733696.000000 582.684426 261.388288 12.504882 12.206247 57.579781 -0.000000 62618930017317298108996820512526575941044348959850496.000000 356.778241 -49.974629 19.588686 0.772387 
2002 68.900800 1.029440 98.104089 87.458139 -0.851615 0.351122 0.688232 0.910453 4.397981 4.659374 13.927481 3.166790 2.989132 3.636460 56.290632 7.573411 -447.192072 2.643265 -1.980740 144.534414 11.436516 18.377228 22.803655 13.216251 16.816850 0.384426 -0.184388 209.621206 25.676003 
2005 26.516800 1.061541 -3.242096 59.880000 0.652087 0.253696 2.501878 0.004901 2.114270 2.143694 10.995927 5.200815 5.129429 15.820388 32.448590 3.893415 24.359473 26.211054 2.121041 1210.822321 -1.698615 -14.947235 33.478680 -211.191250 2.896932 -0.829344 24.394881 26.175104 2.170350 
2007 -304.203900 0.985249 -336.473213 55.403895 -0.128856 -0.010170 1.592391 0.000482 1.139498 1.141475 2.932383 2.573399 2.568941 0.000000 395606438166541054442168292961849700253696.000000 -524.408050 -2.690443 33.493621 23.898467 -13.439084 16.261762 19.165906 14.310732 -433.676979 1.991912 3.480891 5.003231 30.880276 2.366217 
2009 93.045000 1.034265 2.127334 78.031201 0.706522 -0.023293 0.586831 -0.276038 2.312130 2.357063 9.496895 4.107422 4.029123 0.000000 7946314.036370 66.156124 -15.918814 31.638212 2.596317 2388.535480 1.784604 -25.459754 23.185980 494.011696 2.989046 -1.196189 16.771578 30.872795 2.240618 
2010 40.768000 0.982294 58.438693 78.102209 0.273681 0.011166 1.110887 -0.141414 3.062519 3.098050 11.468612 3.744830 3.701880 -0.773068 145.565881 -9.531317 -15.039875 28.400699 2.433058 2356.763502 -1.301444 11.692093 31.242471 -373.086688 2.307871 -0.808647 14.659837 28.736948 2.556969 
2013 -5.322900 0.958511 -41.023847 75.458045 0.539094 0.026317 1.403046 -0.009385 8.741759 8.885607 44.248228 5.061707 4.979764 -59.192068 23.511431 -1.559737 10.012517 51.592890 1.353804 530.424810 7.798493 6.067570 98.760396 14.152795 44.304641 1.834467 -81.926458 12.259010 0.872555 
2015 27.629400 0.985676 20.486094 67.702103 0.055037 -0.063922 1.939827 0.038309 1.444574 1.501648 4.960409 3.433821 3.303310 1.474806 96.002317 8.229642 -3.224550 49.958226 -9.017026 21.894804 -17.604882 12.041380 29.265608 1.693680 80.045694 -9.154824 -3.173186 23.618033 0.404708 
2016 65.046200 0.978492 65.424605 71.585308 0.478936 0.536979 2.818027 -0.064809 1.402202 1.570935 5.870700 4.186772 3.737073 6.694549 52.760977 7.089107 12.553731 32.571957 -7.330772 -23.584038 -19.379632 -23.111491 26.875292 6.166722 52.929658 7.883704 3.128266 6.753620 0.148580 
2017 62.823400 1.002090 71.630062 73.028350 0.185455 0.120197 1.722852 0.012923 1.046002 1.069342 2.372983 2.268622 2.219106 -19.457947 12.807079 -4.502659 -91.223787 4.636129 2.010222 -32.270025 12.260753 22.607190 11.852567 5.232732 4.201012 0.217084 16.544172 13.909137 4.600464 
2018 31.824900 0.962997 41.769255 84.538901 0.299770 1.056323 2.018247 -0.121695 1.277669 1.308672 4.152297 3.249901 3.172908 12.597855 39.574750 5.515859 0.237128 330.733960 13.865923 -96.506874 7.950590 -23.930623 27.874206 -27.925247 14.485714 1.508250 -0.000000 435556945538276917248.000000 172.320459 
2019 -11.178200 0.990036 43.136156 78.099261 -0.231294 0.214686 0.383576 0.533923 1.354999 1.437674 3.525525 2.601865 2.452242 49.187753 7.249272 -4.232721 38.787197 8.214479 2.012608 -1523.845570 0.954572 -50.523803 7.158775 -58.207881 6.365644 -5.340260 -3.766706 3.215891 0.148589 
2024 61.139700 1.137185 -5.388745 78.118213 -0.197197 0.020437 0.430504 0.106379 1.205329 1.206542 4.597995 3.814723 3.810887 85.892267 8.124495 -7.686535 -382.000088 3.382657 1.733165 75.848033 11.059957 -101.692510 7.565267 -12.471912 19.331848 -0.852452 -358.154551 3.575905 1.872038 
2026 28.003800 0.932904 -29.263388 68.980657 0.181989 -0.051384 1.804957 0.032664 1.201751 1.610179 19.400145 16.143235 12.048438 0.077445 1352.206133 10.675251 -4.509063 118.821551 4.274017 929.951059 2.141502 8.809815 74.725903 -0.064581 1388.196898 -11.344608 -6.060291 -5.770858 0.148577 
2028 -6.169000 1.076898 6.960965 70.988167 -0.016639 0.692768 4.990054 0.061871 1.884304 1.891798 5.052649 2.681441 2.670819 0.000000 19818951.312301 -588.450271 -12.409897 14.266598 -0.731982 1377.228330 -1.618998 60.894856 6.357053 260.380260 2.720453 1.072429 12.015432 14.472938 0.685029 
2031 87.443000 1.066674 43.576382 76.332588 0.400529 0.027703 2.709381 -0.067845 1.022411 1.431954 12.799547 12.518989 8.938515 -0.020300 1789.211755 16.997210 -0.081478 809.782625 -14.109642 7647.267196 -0.560021 -14.170945 42.576259 -9.475113 3.609229 -0.148590 -0.000253 -23047.972407 24.509128 
2032 -189.331800 0.984700 -173.433784 60.480741 0.152642 0.274982 1.441955 0.026082 1.572420 1.573091 4.265873 2.712935 2.711778 54.004544 11.481715 -2.949567 -2.897804 39.287989 -15.736716 171.408263 5.953745 40.764248 13.216042 6.852799 25.913725 11.646343 -29.170354 9.998445 0.931467 
2034 -6.181600 1.022617 -45.713526 66.959288 0.035982 0.107972 1.195737 0.336271 1.148720 1.218703 3.820353 3.325748 3.134770 -12.469651 23.553845 -14.168508 -56.658641 9.917583 -14.111542 -20.141795 11.920476 -57.283288 10.886360 13.395470 22.026553 17.405498 -2.423675 -5.094852 0.148591 
2035 40.499900 1.048282 40.618086 71.805174 0.467275 0.206708 0.947151 -0.039434 1.452790 2.105241 6.795821 4.677773 3.228050 31.246119 12.772668 -4.949623 0.000000 551169797944694967099603585691811840.000000 -642.147454 126.911125 -4.841794 38.103937 11.556685 0.000000 963309280010226432.000000 334.473938 17.242355 7.930398 0.339072 
2039 -18.013700 0.983933 2.295398 71.665644 0.284347 -0.049943 2.258947 -0.003620 1.901089 4.639784 7.688349 4.044182 1.657049 31.126747 16.751516 -4.672032 -0.000000 18073572168396333746626995838825143468032.000000 -586.157943 -156.807596 5.935720 37.818986 15.139899 3.425552 50.104465 12.542678 15.383760 9.687225 0.224485 
2040 59.996400 1.038688 44.084658 73.300753 0.026564 -0.164253 0.855398 0.334713 2.065965 3.160917 16.805624 8.134515 5.316693 66.039122 16.726706 -3.667498 -0.000000 333171134331430190269521687457843255418290176.000000 -665.226625 285.943634 -7.095078 -60.747972 17.451648 0.684556 163.990973 20.359800 35.394687 11.879544 0.453805 
2042 -40.075800 1.022949 -40.756471 71.304577 0.149583 0.069355 1.010283 0.089860 1.077500 1.226475 2.613747 2.425752 2.131105 61.622767 8.971196 -4.992606 -79.712830 7.345127 5.882438 -26.224999 7.606279 67.991039 8.567709 -70.984481 8.156222 5.413726 2.549996 3.763485 0.148581 
2043 14.657900 0.989355 19.489386 78.003382 0.492164 0.082786 0.911268 -0.001672 1.180389 1.269838 1.357437 1.149991 1.068984 -13.842274 12.321369 3.324917 0.000000 5546555505981759946752.000000 226.578488 71.467486 -4.713652 -10.215606 14.536371 7.172571 16.383979 5.111339 4.313291 8.274236 0.281932 
2047 -4.657100 0.979959 -27.449315 68.708336 0.373855 0.045885 1.479009 -0.175448 1.165270 1.299901 7.217926 6.194211 5.552675 24.298139 28.467525 4.736864 21.760906 30.291593 3.952196 -378.174033 -2.778685 -32.141347 24.519787 17.072481 6.150506 0.179118 21.292878 30.597273 4.670228 
