name,ra,dec,objid,cModelAbsMag_r,logMass,age,metallicity,petroR50_r,petroR90_r
1237648704061636915,232.3031,-0.2521994,1237648704061636915,-21.34001,11.8199,6.734734,0.0077,5.967573,18.60889
1237648704057573499,223.0669,-0.2936265,1237648704057573499,-20.0656,10.93435,2.242026,0.0077,4.141253,13.13381
1237648702978785290,211.4731,-1.204457,1237648702978785290,-19.30655,10.77926,2.906923,0.0077,1.76781,5.712846
1237648720170975251,211.912,-0.9553203,1237648720170975251,-21.08331,11.50555,3.029366,0.0077,8.34525,27.48471
1237648722314264707,202.3379,0.7496893,1237648722314264707,-19.90792,10.86248,2.242026,0.03,3.33123,10.60661
1237648705657307283,198.2131,1.001799,1237648705657307283,-20.93134,11.31211,2.307769,0.0077,5.35399,17.17128
1237671763712934141,191.7134,0.2970411,1237671763712934141,-21.62877,11.69898,3.496192,0.03,6.340022,20.4924
1237657590322364533,180.8602,54.86864,1237657590322364533,-20.56466,11.22119,2.746209,0.0077,4.606409,14.53889
1237658800963256431,181.2206,54.23176,1237658800963256431,-20.31171,11.18309,2.085784,0.019,6.903354,23.69812
1237658802034638985,171.7548,54.37736,1237658802034638985,-20.25821,11.12155,3.410037,0.03,3.49425,11.90221
1237658803107659875,168.6519,54.7599,1237658803107659875,-20.09178,11.03112,2.746209,0.0077,3.356648,9.414403
1237657590319480836,169.6346,53.81453,1237657590319480836,-19.29152,10.54999,2.085784,0.0096,3.899977,10.98974
1237658802569740408,164.9417,53.8036,1237658802569740408,-21.47303,11.69695,3.410037,0.0077,7.533491,25.73906
1237657591389487338,155.737,52.11074,1237657591389487338,-19.86505,11.20816,6.653529,0.0077,1.831709,5.731374
1237655501887766575,255.6381,33.51664,1237655501887766575,-21.66733,11.79974,4.16118,0.03,6.405006,20.59699
1237658312945172640,203.61,59.37373,1237658312945172640,-21.24778,11.62256,3.496192,0.0077,6.421426,22.17792
1237658303279464460,162.3004,57.83727,1237658303279464460,-21.38753,11.60518,3.496192,0.03,9.101938,27.92725
1237658302739578948,151.216,54.56786,1237658302739578948,-20.85362,11.67878,8.464718,0.0077,12.28675,36.22748
1237653440302547064,355.2371,-10.74148,1237653440302547064,-20.85743,11.24397,3.029366,0.03,5.080618,16.52764
1237652629631467615,350.7348,-10.04562,1237652629631467615,-20.72015,11.3112,2.36435,0.03,4.691085,15.20198
1237651754563010954,216.1975,2.664442,1237651754563010954,-20.83907,11.62081,8.064765,0.0077,8.64249,27.6216
1237651735756931096,179.896,1.867059,1237651735756931096,-19.45797,11.41251,9.481301,0.0077,2.969329,8.222547
1237651735211540630,160.445,1.386926,1237651735211540630,-21.0393,11.4674,3.496192,0.03,4.472126,15.08292
1237653664180601091,139.7408,1.148929,1237653664180601091,-20.41502,11.19238,2.307769,0.03,4.496701,15.66642
1237651496831615078,119.1845,45.87693,1237651496831615078,-20.64392,11.55132,7.399749,0.0077,7.242256,22.6532
1237651496831483940,118.7147,45.70508,1237651496831483940,-20.1388,11.27165,4.302813,0.0077,5.228228,17.72825
1237666090588635306,17.56004,15.06973,1237666090588635306,-19.69423,10.76721,2.242026,0.0096,3.312762,10.04792
1237650762396205240,192.9365,-1.858759,1237650762396205240,-20.4908,11.22585,2.167394,0.03,4.414246,14.14137
1237648704059342955,227.1073,-0.2662612,1237648704059342955,-21.27345,11.69698,8.292908,0.0077,5.303739,16.69542
1237648702985404509,226.688,-1.231715,1237648702985404509,-21.2862,11.68188,2.167394,0.03,5.79073,17.68027
1237648721784012864,217.4193,0.3663997,1237648721784012864,-20.55173,11.28559,3.571928,0.03,3.875811,13.39355
1237648705658945659,201.9423,0.9678351,1237648705658945659,-19.85841,11.17514,7.627892,0.0077,3.215957,11.26688
1237648705657700502,199.1357,0.8702586,1237648705657700502,-20.55166,11.4146,9.724273,0.012,7.23259,26.10009
1237648703503663317,184.2046,-0.7417912,1237648703503663317,-20.60945,11.29264,3.571928,0.03,4.588139,15.03428
1237648721759961111,162.4952,0.3223013,1237648721759961111,-20.66772,11.39025,3.496192,0.0077,6.726262,22.42824
1237651801236701418,155.8837,0.1737238,1237651801236701418,-21.13495,11.46996,2.479575,0.03,4.641798,13.68504
1237651800699830385,155.8981,-0.2215258,1237651800699830385,-21.21111,11.45927,2.242026,0.03,7.708565,24.55092
1237651752386953252,150.8447,0.8404425,1237651752386953252,-20.13011,10.97058,2.906923,0.03,2.654734,9.021616
1237654670809694360,150.7759,0.4541082,1237654670809694360,-20.11735,11.16399,3.496192,0.0077,4.547674,16.10405
1237655499737792597,202.7951,-1.730272,1237655499737792597,-21.28903,11.50329,2.972781,0.03,10.48751,34.43599
1237657772324159724,162.4239,56.64128,1237657772324159724,-20.28191,11.17512,3.809607,0.03,4.560812,14.65682
1237657770713481468,162.9475,55.38567,1237657770713481468,-20.96741,11.46839,3.571928,0.03,5.649038,20.28429
1237678877784146286,323.4706,10.4397,1237678877784146286,-20.31114,11.2183,3.410037,0.0077,2.92651,9.33502
1237666210347679849,329.3726,-7.795692,1237666210347679849,-20.68215,11.35507,2.906923,0.0096,4.314028,14.34311
1237652616742961313,26.65185,-9.695882,1237652616742961313,-20.27389,11.13872,2.831355,0.0077,4.595667,15.10287
1237652901818007769,351.1938,-8.799461,1237652901818007769,-20.54177,11.17523,2.242026,0.03,3.647543,12.13323
1237651539799703721,243.6736,52.56656,1237651539799703721,-20.19401,11.14811,2.906923,0.0077,4.74379,12.33868
1237654879130222725,223.6364,2.966437,1237654879130222725,-20.55284,11.43892,11.84522,0.0077,11.98548,41.87069
1237654879665586207,220.1785,3.465423,1237654879665586207,-20.65825,11.53233,5.860279,0.03,14.31101,41.22347
1237654654171938965,119.6171,37.78662,1237654654171938965,-21.35834,11.66967,3.410037,0.0077,10.26644,32.90302
1237654628399710510,118.8575,36.69145,1237654628399710510,-19.88204,11.18897,8.729781,0.0077,4.806989,16.60017
1237654654171611387,119.1073,37.05825,1237654654171611387,-20.61949,11.50268,6.069718,0.0077,4.014074,13.50625
1237651736314773623,227.8824,1.763885,1237651736314773623,-20.35679,11.43109,13.11983,0.0077,9.453329,26.55551
1237651735771676782,213.636,1.731598,1237651735771676782,-20.04172,11.20089,5.306479,0.0077,3.516356,10.79485
1237671764250460325,191.3036,1.804791,1237671764250460325,-21.05364,11.4238,2.831355,0.0077,11.2645,34.89642
1237651754542366782,168.926,2.892352,1237651754542366782,-19.5124,10.84124,3.626535,0.0077,2.353935,7.334588
1237648722828067058,149.7174,1.059201,1237648722828067058,-20.37615,11.33561,7.190137,0.0077,4.564634,14.37812
1237649962996269081,59.58266,-5.538865,1237649962996269081,-20.78538,11.22273,2.242026,0.0077,6.486806,20.75103
1237651191359013090,134.0214,53.55238,1237651191359013090,-20.32902,11.28105,3.029366,0.012,3.490968,11.36191
1237651190815129779,119.269,40.99515,1237651190815129779,-20.27279,11.16849,2.972781,0.0077,5.219773,18.20149
1237673704505671747,118.9349,41.20393,1237673704505671747,-21.24423,11.81486,6.231991,0.0077,7.01605,21.28861
1237666090051698826,17.8092,14.87818,1237666090051698826,-20.15668,11.12543,2.36435,0.03,2.47711,8.251874
1237666214607323150,18.24825,15.49131,1237666214607323150,-20.50982,11.32221,3.410037,0.0077,9.232984,27.42284
1237666215143473303,17.5132,13.97814,1237666215143473303,-20.73389,11.56538,6.469671,0.0077,9.309598,25.5035
1237671763175211096,192.0112,-1.652814,1237671763175211096,-20.89777,11.64852,10.05981,0.0077,4.804673,16.57202
1237650760785395904,192.428,-3.122673,1237650760785395904,-20.63771,11.26964,2.479575,0.03,2.927612,9.899036
1237648705127579669,214.4577,0.5109354,1237648705127579669,-20.23442,11.43006,12.45481,0.0077,3.11595,10.4478
1237659327092949012,221.6662,55.5304,1237659327092949012,-20.62084,11.3462,9.059268,0.0077,4.799642,16.23144
1237671267107537072,190.6925,0.5398486,1237671267107537072,-20.1798,11.05953,2.906923,0.0077,5.83615,17.99858
1237651801234997481,152.105,0.1759467,1237651801234997481,-20.94485,11.35112,2.167394,0.03,3.504308,11.48933
1237651752923168796,149.3403,1.209453,1237651752923168796,-20.3057,11.17063,3.571928,0.03,3.900736,13.18869
1237651801770295423,148.4084,0.5887542,1237651801770295423,-20.21185,11.17958,2.242026,0.03,2.150481,6.293186
1237654669735231622,149.1609,-0.3580167,1237654669735231622,-21.32837,11.63457,3.410037,0.0077,8.412654,25.41509
1237659119333474687,242.8077,36.97343,1237659119333474687,-21.2376,11.5603,2.906923,0.0077,7.92944,25.60845
1237659154216255686,243.2395,37.39616,1237659154216255686,-19.90647,10.9126,2.242026,0.03,2.28341,7.100142
1237659133280846036,212.0436,52.68004,1237659133280846036,-21.47825,11.68775,3.410037,0.0077,9.307915,24.73592
1237658801498226800,173.5782,54.18694,1237658801498226800,-20.86439,10.93151,1.699199,0.012,6.272541,13.52617
1237658801498226800,173.5782,54.18694,1237658801498226802,-20.86439,10.93151,1.699199,0.012,6.272541,13.52617
1237657590314500236,152.1588,50.10623,1237657590314500236,-20.60372,11.20465,2.479575,0.0077,5.297112,17.14538
1237658204493709505,131.8148,35.47505,1237658204493709505,-20.9387,11.42973,2.906923,0.0077,6.278674,20.42309
1237655691946295779,236.031,-1.907829,1237655691946295779,-21.15401,11.70013,9.622939,0.0077,4.946794,16.62687
1237655494369607797,204.9018,-2.678141,1237655494369607797,-20.41054,11.16136,2.36435,0.03,3.622433,11.51579
1237655494905299123,202.1914,-2.253411,1237655494905299123,-20.94664,11.43657,2.972781,0.0077,4.192216,13.98793
1237654605869351109,175.5541,5.251691,1237654605869351109,-20.55292,11.2455,2.831355,0.0077,2.694405,9.22557
1237655108360208576,125.2331,41.13433,1237655108360208576,-19.70316,10.94065,3.144591,0.0077,4.003571,12.84449
1237663478725148907,340.7608,-0.2310898,1237663478725148907,-20.00297,10.95451,2.479575,0.03,3.457881,11.28516
1237652947988316281,358.89,-9.65473,1237652947988316281,-21.54239,11.81127,10.45977,0.0077,9.619445,28.83533
1237655349966667984,242.6814,47.53958,1237655349966667984,-20.94535,11.53593,2.242026,0.03,5.349065,17.23305
1237651250969116713,219.0979,60.47128,1237651250969116713,-20.59497,11.26557,2.831355,0.0077,6.259255,19.85604
1237654880209141886,235.4237,3.017416,1237654880209141886,-20.03246,11.40614,7.301458,0.0077,4.996317,16.50144
1237654601033711735,166.5454,4.336093,1237654601033711735,-19.66147,10.86888,2.746209,0.0077,7.28264,22.54157
1237653618004983898,148.4528,57.17357,1237653618004983898,-20.14939,11.34233,7.134686,0.0077,2.992542,9.335771
1237653587406291284,118.6616,37.25341,1237653587406291284,-19.89083,10.9964,3.144591,0.0077,3.491968,10.69078
1237651505953833216,203.0701,1.223229,1237651505953833216,-20.33688,11.04215,2.307769,0.0077,3.07665,10.25908
1237651737906380966,184.4214,3.655846,1237651737906380966,-21.06102,11.46425,3.809607,0.03,8.40579,26.15461
1237651753999663332,155.6325,2.3608,1237651753999663332,-20.57147,11.24799,3.410037,0.03,3.645792,12.00661
1237651271892533471,144.9244,60.6911,1237651271892533471,-19.67549,10.95656,3.410037,0.0077,2.429434,7.902887
1237651539775651910,135.3225,58.27975,1237651539775651910,-20.69413,11.50451,8.227038,0.0077,6.591007,21.73676
1237653650772656314,26.92236,12.96958,1237653650772656314,-20.08553,11.01081,2.746209,0.03,5.067171,18.25312
1237648721756422300,154.4478,0.330294,1237648721756422300,-20.17419,11.23586,7.399749,0.0077,2.925904,9.47264
1237658916922261704,196.3801,53.90896,1237658916922261704,-20.95548,11.64656,7.799702,0.0077,4.734531,15.41236
1237658803108642889,172.4286,55.38047,1237658803108642889,-20.52368,11.24593,3.496192,0.03,3.787836,12.82584
1237659330848751701,240.2368,45.41766,1237659330848751701,-20.20308,11.15882,2.972781,0.0077,5.897802,18.20164
1237658802570789037,168.8495,54.44412,1237658802570789037,-21.80699,11.7571,2.831355,0.0077,13.96183,42.61137
1237655109450858601,180.9765,60.81857,1237655109450858601,-20.08874,11.08579,2.906923,0.0077,4.781797,15.67874
1237655499200856084,202.543,-2.105007,1237655499200856084,-20.7784,11.35428,2.906923,0.0077,4.539438,14.50947
1237655126629810320,207.3822,5.52738,1237655126629810320,-20.51374,11.26804,2.972781,0.0077,3.940726,12.22975
1237655126082650225,183.6647,5.467759,1237655126082650225,-21.42208,11.78609,6.525169,0.0077,7.89806,25.93205
1237654606409564368,183.2713,5.689677,1237654606409564368,-20.54255,11.20109,3.029366,0.03,3.00726,9.423594
1237663782600179741,30.57203,-1.127846,1237663782600179741,-20.79206,11.71918,13.11983,0.0077,9.166924,30.11637
1237653441374716001,351.6145,-9.860888,1237653441374716001,-20.79064,11.41474,2.831355,0.012,4.025056,13.04036
1237652933495030428,314.5098,-7.557648,1237652933495030428,-20.10929,11.02629,2.242026,0.03,2.899185,9.238667
1237651252053475553,249.3757,44.14449,1237651252053475553,-20.6377,11.18149,2.242026,0.0077,5.466674,17.80273
1237655470209433983,228.313,2.816908,1237655470209433983,-20.82075,11.63126,12.45481,0.0077,5.265279,14.43652
1237651250948866195,131.0877,51.40591,1237651250948866195,-20.86603,11.38241,2.906923,0.0077,6.875062,20.17374
1237678617430589483,29.07064,1.050817,1237678617430589483,-21.74383,11.95878,7.684477,0.0077,11.2158,35.67936
1237663463145537628,353.857,1.05908,1237663463145537628,-22.02214,11.89336,4.07476,0.03,8.51687,28.07963
1237657401336725620,119.6798,30.77378,1237657401336725620,-20.65627,11.34179,3.496192,0.0077,5.579522,17.29296
1237657401341509768,129.0465,38.53475,1237657401341509768,-20.55956,11.47789,6.469671,0.0077,10.03103,30.74664
1237656538049413184,335.8857,-9.077162,1237656538049413184,-21.01322,11.42694,2.36435,0.03,5.813772,19.00401
1237654952670134284,254.0879,39.27516,1237654952670134284,-21.01238,11.4893,3.029366,0.0077,7.549439,23.53964
1237651538188304604,240.3275,53.24303,1237651538188304604,-19.55165,11.16051,7.588516,0.019,4.997697,14.13378
1237651753484877875,206.1075,2.109896,1237651753484877875,-21.77499,11.97746,7.301458,0.0077,6.974943,23.24486
1237663278465155291,1.203922,0.9511432,1237663278465155291,-21.34052,11.57468,2.831355,0.0077,6.209808,19.3197
1237668568247370040,240.3063,-0.5865424,1237668568247370040,-19.16479,11.10123,9.408256,0.015,3.514602,10.4106
1237671140406067447,175.4369,-2.741305,1237671140406067447,-19.58661,10.88713,2.972781,0.0077,3.63977,11.87265
1237655503499559457,258.6773,31.83107,1237655503499559457,-19.67335,11.01412,5.971447,0.0077,2.146751,6.558152
1237651823244869869,212.8853,4.868846,1237651823244869869,-20.20554,11.12665,2.831355,0.0096,2.648775,7.500838
1237649921112211644,12.74761,15.88988,1237649921112211644,-20.73112,11.46344,5.306479,0.0077,4.797497,15.91814
1237656567585833257,336.7851,-0.7271557,1237656567585833257,-20.45077,11.31891,3.571928,0.0077,6.088709,17.26474
1237648703524897061,232.6387,-0.8093187,1237648703524897061,-21.14701,11.79026,10.34454,0.0077,5.198671,16.70265
1237674650460422277,168.2717,0.003071052,1237674650460422277,-20.56397,11.27485,2.906923,0.0077,7.262973,24.11212
1237657873257332874,146.5265,42.27571,1237657873257332874,-21.09378,11.50988,2.831355,0.0077,3.602616,11.3042
1237654881273905294,214.9642,5.061098,1237654881273905294,-21.23088,11.74422,6.821238,0.0077,6.729481,21.69675
1237656906346332190,339.979,-0.9886078,1237656906346332190,-20.15626,11.13304,2.906923,0.0096,8.785979,27.25087
1237648675069952782,246.0041,0.7909193,1237648675069952782,-20.66792,11.17727,2.479575,0.0077,6.790049,21.29697
1237655467524751493,227.4427,0.592786,1237655467524751493,-20.20813,11.50017,8.58833,0.0077,3.431544,9.828122
1237652599575412951,344.8555,-9.496979,1237652599575412951,-20.93012,11.32667,2.972781,0.03,5.58566,18.08901
1237652599038673046,345.0961,-9.883274,1237652599038673046,-20.06289,11.04621,3.410037,0.03,5.526822,16.69168
1237651754001498164,159.8311,2.321773,1237651754001498164,-20.41199,11.31859,5.306479,0.0077,3.817409,12.78209
1237659326552932533,209.7489,58.39997,1237659326552932533,-20.59403,11.40913,4.07476,0.0077,5.05326,18.14183
1237666300019277944,51.52571,-0.6157426,1237666300019277944,-20.4769,11.53312,6.231991,0.0077,8.664402,31.74502
1237659132213264539,230.1208,44.97095,1237659132213264539,-20.63132,11.50076,7.684477,0.0077,4.6227,15.66843
1237659119327969411,229.7743,45.03218,1237659119327969411,-20.40807,11.20417,2.831355,0.0077,4.538187,17.0261
1237659120933011530,213.8348,52.34589,1237659120933011530,-21.17753,11.64121,10.62654,0.0077,6.600937,21.77373
1237659150461501710,229.9915,51.31308,1237659150461501710,-20.92611,11.46888,3.410037,0.0077,5.876024,19.05342
1237658803109757073,176.8391,55.73018,1237658803109757073,-20.78444,11.56,7.799702,0.0077,8.505237,29.45526
1237658802035622026,175.6021,54.77417,1237658802035622026,-20.75187,11.32953,2.831355,0.0077,4.220927,14.61016
1237657591393353891,169.9471,54.81543,1237657591393353891,-19.82987,10.88999,2.36435,0.03,1.850569,4.725201
1237657590856417405,169.7626,54.44111,1237657590856417405,-20.502,11.22412,2.831355,0.0077,2.907215,9.229358
1237657590320136278,172.1749,54.17226,1237657590320136278,-21.04012,11.42775,2.831355,0.0077,7.402943,23.50429
1237659324959818183,253.5644,31.39748,1237659324959818183,-20.04848,10.8238,2.479575,0.0077,1.421891,4.262758
1237659324959818183,253.5644,31.39748,1237659324959818182,-20.04848,10.8238,2.479575,0.0077,1.421891,4.262758
1237658803104055325,155.3999,52.23402,1237658803104055325,-20.15309,11.32368,9.96152,0.0077,3.895705,12.72907
1237658300074098805,165.7397,7.60386,1237658300074098805,-20.75521,11.40555,3.410037,0.0077,4.530971,14.52785
1237658298999701650,164.3799,6.660472,1237658298999701650,-20.75069,11.48571,5.971447,0.0077,6.968813,23.89435
1237655474508857360,255.677,34.05999,1237655474508857360,-21.84058,12.45247,12.45481,0.03,12.51577,38.13004
1237652934036946983,326.0196,-8.459662,1237652934036946983,-20.44306,11.467,7.462993,0.0096,7.333785,17.50889
1237658312945107014,203.2105,59.51249,1237658312945107014,-19.37697,10.70294,2.36435,0.03,2.486236,6.630634
1237655108381573359,201.3188,59.07956,1237655108381573359,-20.69483,11.35506,3.313596,0.0077,3.82756,11.84369
1237655107303899175,183.3993,59.35304,1237655107303899175,-20.43943,11.28179,3.571928,0.0077,3.656121,11.75092
1237658311867039813,183.7027,59.90619,1237658311867039813,-21.1341,11.49007,2.831355,0.0077,9.365721,28.15114
1237655108374757529,170.6583,59.31537,1237655108374757529,-20.00966,11.03121,3.410037,0.03,3.203602,10.16353
1237658304355172403,170.1103,59.85307,1237658304355172403,-20.7727,11.28813,2.653092,0.0096,4.75553,15.34482
1237655107834871813,158.2454,56.74813,1237655107834871813,-20.81962,11.53624,5.024413,0.03,7.875101,25.11506
1237657772321406991,152.292,54.22554,1237657772321406991,-20.2769,11.13058,2.831355,0.0077,5.340313,18.7815
1237658192151969958,134.7715,37.55358,1237658192151969958,-19.81441,11.23787,12.45481,0.0077,1.78253,5.693936
1237658192148496702,127.1889,32.55722,1237658192148496702,-20.96615,11.48986,7.774511,0.0077,3.509646,8.214801
1237658192148496722,127.1524,32.60931,1237658192148496722,-20.5984,11.32767,2.167394,0.03,2.775366,8.973349
1237671958594912351,208.2153,-2.608481,1237671958594912351,-21.24023,11.6713,5.306479,0.0077,6.53011,22.2008
1237655126092939491,207.3206,5.087154,1237655126092939491,-21.1315,11.50981,3.626535,0.0077,5.569455,13.57525
1237655123940606085,196.2259,3.824465,1237655123940606085,-20.29003,11.02612,8.852211,0.019,5.37335,14.07354
1237671264424951957,192.9727,4.579802,1237671264424951957,-21.21049,11.80944,10.05981,0.0077,9.902517,32.60318
1237655126622273715,190.017,6.021414,1237655126622273715,-20.72059,11.16305,2.242026,0.03,6.269097,21.41879
1237655463240990938,223.3384,55.0389,1237655463240990938,-21.37312,11.54495,2.746209,0.0077,5.436829,17.21879
1237658607683239955,186.1782,61.47069,1237658607683239955,-21.32316,11.85309,7.562022,0.0077,8.145475,27.98647
1237658304349143100,146.6894,54.42694,1237658304349143100,-20.57429,11.16732,2.972781,0.03,5.774478,18.15273
1237655108359880795,124.4714,40.72639,1237655108359880795,-20.26982,11.24953,3.571928,0.0077,5.084742,15.44773
1237674290218991944,118.9537,34.1512,1237674290218991944,-19.85538,10.9445,2.746209,0.0077,3.01842,8.725358
1237652944248504367,358.6931,15.622,1237652944248504367,-19.45071,10.8461,2.746209,0.012,2.116627,6.602142
1237656243318948132,358.5293,15.96987,1237656243318948132,-20.82843,11.66132,6.962876,0.0077,6.025186,20.02264
1237656241168318484,351.1082,13.97228,1237656241168318484,-21.14,11.82585,7.399749,0.0077,8.840723,29.39246
1237656495108915413,348.7444,14.09005,1237656495108915413,-20.38506,11.10621,2.085784,0.03,5.700009,17.01357
1237656240626794746,340.3828,12.58057,1237656240626794746,-21.33638,11.81812,10.28796,0.0077,4.681093,14.14958
1237656495097184890,321.5995,10.77752,1237656495097184890,-20.5659,11.22513,2.167394,0.03,2.465027,7.493377
1237652942622425180,322.6918,10.62429,1237652942622425180,-20.70785,11.42024,3.410037,0.0077,4.023816,12.67003
1237656537513132131,337.1063,-9.62285,1237656537513132131,-20.65674,11.36666,2.242026,0.03,5.453127,13.86866
1237656536973901937,331.6302,-9.527803,1237656536973901937,-19.12961,10.7419,2.479575,0.03,1.849939,5.235005
1237652598496035045,331.7846,-9.362163,1237652598496035045,-19.51434,11.01697,4.484174,0.019,2.564387,8.256609
1237666227527417870,331.2669,-9.024117,1237666227527417870,-20.51254,11.31355,3.496192,0.0077,5.337086,17.61067
1237652601179209935,329.1948,-6.947326,1237652601179209935,-20.42933,11.18749,2.831355,0.03,3.985185,13.12486
1237666340800888945,19.63719,1.158557,1237666340800888945,-20.04016,11.02121,2.746209,0.0077,3.92009,13.46257
1237657190370181178,4.17731,-0.4454366,1237657190370181178,-20.72284,11.36115,3.144591,0.0077,4.331768,14.52015
1237652948534100092,19.60239,-8.878165,1237652948534100092,-21.11126,11.53825,2.307769,0.03,6.702261,23.23138
1237652948530167954,10.46021,-9.303184,1237652948530167954,-16.87233,9.726501,2.653092,0.0077,0.8878831,1.399281
1237652948530167954,10.46021,-9.303184,1237652948530167956,-16.87233,9.726501,2.653092,0.0077,0.8878831,1.399281
1237652901284479108,358.7784,-9.37559,1237652901284479108,-21.30312,11.62678,3.029366,0.0077,10.01911,29.51658
1237652946914443286,358.5569,-10.41902,1237652946914443286,-21.35305,11.83697,6.525169,0.03,8.022425,25.1422
1237652934036095160,324.0419,-8.221379,1237652934036095160,-20.2644,11.17837,3.144591,0.0077,2.350346,7.564315
1237651250440438017,243.044,47.90644,1237651250440438017,-20.81233,11.60924,7.190137,0.0077,4.153345,14.60023
1237651539799245004,242.6574,53.40585,1237651539799245004,-20.38622,11.197,3.496192,0.03,3.87937,13.36977
1237651539799048502,242.3837,53.76607,1237651539799048502,-19.08615,11.23911,5.632844,0.03,3.168597,9.862558
1237651538725371973,241.3224,53.12056,1237651538725371973,-20.91461,11.3841,7.799702,0.0077,6.759538,22.64357
1237651539262439682,242.4039,53.04121,1237651539262439682,-21.03309,11.74342,7.627892,0.0077,6.961029,21.10844
1237651252048298015,237.894,53.39502,1237651252048298015,-20.05977,11.27953,8.227038,0.0077,3.979372,15.41028
1237654880207634443,231.9876,3.374156,1237654880207634443,-21.37925,11.89585,9.014509,0.0077,7.656215,21.38033
1237654879669452830,228.9744,3.050323,1237654879669452830,-19.71486,11.09815,4.474623,0.0077,5.583252,14.38769
1237654879668338812,226.5487,3.142568,1237654879668338812,-20.6268,11.32396,3.029366,0.0077,9.224866,29.86192
1237654880202981522,221.3746,3.924047,1237654880202981522,-20.05767,11.11216,2.479575,0.03,2.517967,8.633651
1237654880737886388,216.9093,4.460338,1237654880737886388,-19.698,11.00375,3.496192,0.0077,3.086273,9.73822
1237654881272856778,212.5874,5.271099,1237654881272856778,-19.88313,11.26071,7.190137,0.0077,2.000485,5.890883
1237674460416311573,142.2758,3.585551,1237674460416311573,-19.38056,10.54051,2.242026,0.03,2.079464,6.160632
1237654604776276109,131.3825,2.475874,1237654604776276109,-20.51341,11.47961,6.525169,0.0077,4.437081,13.63323
1237654383051604192,136.9768,52.79054,1237654383051604192,-21.32203,11.56598,3.496192,0.03,4.248443,13.62887
1237654383051342069,136.3119,52.38459,1237654383051342069,-19.51175,10.75166,2.479575,0.0077,2.509465,8.176691
1237653613183828146,136.9453,52.07154,1237653613183828146,-20.52397,11.42207,4.531395,0.0077,6.564927,18.42111
1237653614256717958,133.7085,51.29,1237653614256717958,-20.22315,11.09884,2.746209,0.0096,3.141707,9.185319
1237654391643177035,125.7362,45.48594,1237654391643177035,-20.16168,11.3866,13.11983,0.0077,4.405332,15.24759
1237674290754945178,116.3988,33.96295,1237674290754945178,-20.05498,11.04071,3.410037,0.03,4.359776,14.48814
1237651737370951859,187.6759,3.163898,1237651737370951859,-21.07047,11.30764,2.242026,0.0077,2.624521,8.738742
1237651737369706624,184.881,3.141471,1237651737369706624,-19.58283,10.93777,3.410037,0.0077,1.53047,4.690357
1237651735757455411,181.1128,1.895971,1237651735757455411,-20.75533,11.72735,13.11983,0.015,17.66738,56.44518
1237651272972239028,172.9139,67.24171,1237651272972239028,-20.84222,11.35796,2.831355,0.0077,8.881394,29.53732
1237648722827346115,147.9551,1.133886,1237648722827346115,-20.14159,11.01236,2.36435,0.0077,3.184678,10.40979
1237648722821447727,134.5206,1.153754,1237648722821447727,-20.57996,11.49519,8.064765,0.0077,4.739504,16.16922
1237653664715112799,134.2929,1.413805,1237653664715112799,-19.82965,10.91208,2.36435,0.03,2.32327,7.564621
1237651251487309979,134.6522,54.31737,1237651251487309979,-21.55968,11.85669,5.404706,0.03,7.801266,23.93576
1237651251487047912,134.0497,53.92525,1237651251487047912,-20.73608,11.28042,3.410037,0.03,4.389245,14.04515
1237653614794309827,135.2835,52.74078,1237653614794309827,-20.26168,11.14515,3.410037,0.03,3.023793,9.493567
1237663783680802911,46.37854,-0.4050024,1237663783680802911,-20.1191,11.31363,9.129735,0.0077,4.891601,16.83389
1237657071697789026,31.48763,0.7733266,1237657071697789026,-20.28151,11.13482,2.831355,0.0077,5.94919,19.66617
1237666407379304674,24.30365,-0.5043135,1237666407379304674,-20.68379,11.27285,2.746209,0.0077,6.562608,21.40393
1237666339190472908,20.09641,-0.07897954,1237666339190472908,-21.55461,11.7761,3.809607,0.0077,6.917687,22.93582
1237663784203583801,14.21622,0.005843572,1237663784203583801,-20.021,11.03771,2.831355,0.0077,4.961975,14.58464
1237663479798956057,340.8373,0.4733856,1237663479798956057,-20.56164,11.22669,2.831355,0.0077,3.649403,11.3833
1237659895636295956,260.6623,58.60574,1237659895636295956,-19.61517,10.86075,2.906923,0.0077,3.635065,12.63912
1237651226784890915,262.3383,54.25725,1237651226784890915,-20.59465,11.45359,6.636447,0.0077,3.438797,11.66091
1237671939804561476,258.1199,64.06075,1237671939804561476,-21.69284,11.74835,2.831355,0.0077,13.20233,43.58417
1237671941415371056,258.6275,65.28971,1237671941415371056,-20.69795,11.26799,2.831355,0.0077,5.783605,19.0186
1237650371563290737,197.3296,-1.622531,1237650371563290737,-21.46386,11.91321,8.227038,0.0077,7.53758,21.04553
1237650371025436774,195.1427,-2.134075,1237650371025436774,-21.04463,11.66774,5.860279,0.0077,5.713219,18.85715
1237650369414889664,195.2814,-3.447935,1237650369414889664,-21.01256,11.45114,3.496192,0.03,4.285386,12.38781
1237659145632809042,214.6674,56.46959,1237659145632809042,-21.17953,11.55749,2.906923,0.0096,10.6006,34.4695
1237659327092031644,218.4491,56.60812,1237659327092031644,-20.29086,11.09037,2.242026,0.012,4.875051,16.45061
1237659149385728153,223.054,53.42516,1237659149385728153,-20.23283,11.0422,2.167394,0.03,3.509766,11.09361
1237651505953702030,202.6803,1.252408,1237651505953702030,-19.76577,10.968,2.831355,0.0096,2.063983,6.171059
1237659132211298475,224.64,47.49759,1237659132211298475,-21.69457,11.72439,2.906923,0.0077,6.795529,21.17442
1237657591395909651,179.9674,55.53486,1237657591395909651,-21.70548,11.82582,3.571928,0.0077,6.858093,20.57154
1237657591394795724,175.5114,55.39061,1237657591394795724,-20.41587,11.20569,2.972781,0.0077,4.255127,15.21931
1237659324958310855,251.2203,34.21425,1237659324958310855,-21.00359,11.68163,7.855135,0.0077,6.426693,21.29225
1237657591927144459,158.1606,53.1566,1237657591927144459,-20.45744,11.3076,5.195587,0.024,4.489631,14.90989
1237661972251410611,166.8136,7.719574,1237661972251410611,-19.89607,10.91767,2.479575,0.0077,1.926687,6.268896
1237658311870775445,200.4262,58.94013,1237658311870775445,-19.19027,10.73631,3.144591,0.0077,3.800856,15.59114
1237658300056600899,125.7454,4.299118,1237658300056600899,-21.83223,11.83129,8.892055,0.0077,8.948194,26.41078
1237657634338897970,151.3122,53.14899,1237657634338897970,-20.69003,11.32644,2.972781,0.0077,8.355803,26.7725
1237654606406090990,175.2992,5.73473,1237654606406090990,-21.46233,11.65054,2.906923,0.0077,6.14557,18.09765
1237652600647712979,341.4535,-8.527534,1237652600647712979,-20.68794,11.14957,2.985436,0.0077,5.684157,13.46754
1237658300056666239,125.8403,4.372479,1237658300056666239,-20.77786,11.27627,4.07476,0.03,17.21522,51.48927
1237654948378771599,243.5818,50.46562,1237654948378771599,-20.56404,11.69388,12.45481,0.0077,7.141739,25.0383
1237651821640679690,227.4975,3.003084,1237651821640679690,-21.06349,11.74404,7.301458,0.0077,5.201335,17.39819
1237654880205799560,227.8113,3.498766,1237654880205799560,-20.72674,11.32967,2.906923,0.0077,5.123327,16.92754
1237654601560228008,142.7448,3.807713,1237654601560228008,-21.01855,11.5022,2.307769,0.03,5.410138,17.75191
1237654605317669172,141.6532,3.460557,1237654605317669172,-20.68362,11.25617,2.479575,0.03,3.816671,12.3921
1237658492262088896,140.231,6.836798,1237658492262088896,-19.77221,10.83168,2.242026,0.03,2.788298,9.018837
1237657220412866778,163.4024,54.86794,1237657220412866778,-20.37582,11.32652,3.977096,0.0077,5.212952,15.63098
1237651753459646638,148.4224,1.700659,1237651753459646638,-21.56326,11.87867,10.28796,0.012,7.650678,22.22218
1237660412113912157,139.9672,7.026586,1237660412113912157,-20.40794,11.24726,3.496192,0.0077,4.129698,13.56609
1237655504035185368,257.4528,34.459,1237655504035185368,-18.73807,10.68754,2.242026,0.03,0.9270192,1.645894
1237659131674296336,224.0204,47.45346,1237659131674296336,-21.24803,11.64756,3.809607,0.0077,6.694077,22.61057
1237658304352813118,160.2543,58.29498,1237658304352813118,-20.76413,11.54166,8.349493,0.0077,7.203735,22.68322
1237657608567783550,116.6785,30.99705,1237657608567783550,-20.18888,11.08391,2.746209,0.0077,8.308421,26.14762
1237658802041192550,197.6552,54.49463,1237658802041192550,-20.09114,11.11136,5.306479,0.0077,3.964065,12.64793
1237657589247705332,177.547,53.72243,1237657589247705332,-20.3513,11.13619,3.410037,0.03,7.423156,22.31918
1237657590321381556,177.0246,54.64628,1237657590321381556,-20.3791,11.12875,2.167394,0.03,8.254261,28.37705
1237651537638719602,186.1256,66.56689,1237651537638719602,-21.65072,11.88791,9.96152,0.0077,11.25962,33.53141
1237657118941642893,117.4811,29.42019,1237657118941642893,-20.49998,11.24458,2.906923,0.0077,5.743711,17.11671
1237658803108118589,170.4841,55.01109,1237658803108118589,-19.9051,11.1221,3.313596,0.012,3.045371,9.344986
1237659325491576855,244.9113,40.87631,1237659325491576855,-20.88809,11.64862,8.064765,0.0077,5.163146,14.95
1237663542606823672,324.8045,-0.5085548,1237663542606823672,-20.59727,11.21441,2.242026,0.03,3.705514,12.92292
1237651271892598827,145.3388,60.73503,1237651271892598827,-20.5078,11.24771,2.831355,0.0077,6.060856,19.27053
1237659326033362947,253.9488,32.28979,1237659326033362947,-20.32932,11.50766,8.341392,0.0077,4.406188,13.53802
1237658612522483825,185.5322,49.58778,1237658612522483825,-19.98955,11.03463,2.906923,0.0077,2.418046,7.501312
1237658612519141389,173.7054,49.07764,1237658612519141389,-20.72455,11.42974,3.571928,0.0077,8.393586,29.45205
1237658614124707898,156.4334,47.32647,1237658614124707898,-20.75997,11.35945,3.410037,0.03,6.377595,20.84187
1237658299518878082,123.8824,3.844486,1237658299518878082,-20.73292,11.35971,2.972781,0.0077,4.558418,13.40094
1237658303278481477,158.4634,57.05596,1237658303278481477,-20.35566,11.42509,7.486254,0.0077,5.428899,17.82018
1237656242242060356,351.0837,14.64713,1237656242242060356,-20.96804,11.63818,4.474623,0.0077,12.60851,34.80812
1237655499207475276,217.7502,-1.800416,1237655499207475276,-19.04821,10.69322,2.085784,0.03,2.493239,8.38534
1237674655290228980,217.0522,-2.520005,1237674655290228980,-19.39973,10.72085,2.36435,0.0077,2.365805,7.737112
1237658492804530402,153.0266,8.692539,1237658492804530402,-20.58326,11.29766,3.029366,0.0077,3.637096,11.51206
1237657612874022943,168.0695,57.07599,1237657612874022943,-20.77013,11.67466,13.11983,0.0077,6.430537,20.93844
1237655126084681905,188.4362,5.539392,1237655126084681905,-20.89082,11.38048,2.831355,0.0077,3.41419,11.36436
1237654605872431202,182.5701,5.386037,1237654605872431202,-21.65861,11.85622,7.799702,0.0077,15.36269,42.7536
1237655124465483920,168.6806,4.024539,1237655124465483920,-20.47083,11.2575,3.029366,0.0077,5.114041,17.33589
1237655374647787625,250.0263,39.45659,1237655374647787625,-20.7062,11.513,5.860279,0.0077,3.725519,12.56718
1237655348895416343,246.8551,42.67973,1237655348895416343,-20.5783,11.55581,13.11983,0.0077,13.14147,41.47382
1237655349426323628,233.4809,52.84141,1237655349426323628,-19.88711,11.18387,6.525169,0.0077,2.963269,10.00623
1237655464302215310,168.7922,61.11022,1237655464302215310,-20.81747,11.39205,2.972781,0.0077,7.706857,27.35281
1237652942629503255,339.0243,13.0124,1237652942629503255,-19.94162,11.03732,2.242026,0.03,2.337662,7.601556
1237656240626401583,339.3901,12.51435,1237656240626401583,-20.65615,11.31885,2.36435,0.03,4.087058,13.35028
1237656495634383090,322.3275,11.20099,1237656495634383090,-21.30289,11.69684,4.82619,0.0077,5.356548,15.34783
1237658203447034046,215.3997,44.70807,1237658203447034046,-21.13994,11.76553,12.45481,0.0077,5.582696,18.88009
1237658917994889322,192.1745,55.06231,1237658917994889322,-21.55039,11.65664,2.479575,0.03,5.135366,15.71235
1237652599033495632,333.1317,-9.010385,1237652599033495632,-21.34803,11.58161,2.831355,0.0077,5.176493,17.01621
1237658205057515629,215.8406,46.09204,1237658205057515629,-20.47639,11.21441,2.831355,0.0077,3.413141,11.25505
1237663478726525042,343.7918,-0.4094028,1237663478726525042,-20.76064,11.3511,2.906923,0.0077,4.387424,15.14427
1237670955716247609,28.57531,-9.71347,1237670955716247609,-21.51997,11.93041,7.134686,0.0077,14.41085,47.64061
1237652947457933418,13.96621,-9.985647,1237652947457933418,-21.69325,11.81382,3.571928,0.0077,12.03381,38.10363
1237652630715170921,13.87082,-9.292805,1237652630715170921,-19.69287,10.84947,2.307769,0.012,2.245823,7.56718
1237654880743063869,228.7963,3.848512,1237654880743063869,-21.10432,11.7203,6.821238,0.0077,6.872295,22.72277
1237654383589589078,139.8025,54.857,1237654383589589078,-20.9446,11.66053,7.855135,0.0077,8.918057,29.92496
1237654601571106901,167.6023,4.830047,1237654601571106901,-20.44687,11.12709,8.156094,0.0077,9.60747,20.79747
1237654606399340792,159.7776,5.209777,1237654606399340792,-20.61262,11.27198,2.831355,0.0077,4.415014,14.18503
1237654383052980231,140.8642,54.82937,1237654383052980231,-21.08902,11.543,3.410037,0.0077,9.841053,31.54173
1237651736851906818,228.4462,2.098029,1237651736851906818,-19.60924,10.88993,2.906923,0.0077,3.63712,12.13581
1237658298986397717,133.8202,4.46782,1237658298986397717,-20.7361,11.51635,8.464718,0.0077,4.175905,13.84252
1237664813378437468,206.1357,2.954077,1237664813378437468,-20.97459,11.61923,6.069718,0.0077,4.902622,15.11346
1237671267108519947,190.6769,2.784304,1237671267108519947,-21.05518,11.63421,10.34454,0.0077,3.522278,12.81879
1237651736833294541,185.9493,2.807474,1237651736833294541,-20.65484,11.29281,2.167394,0.03,3.419064,11.60787
1237651736832245876,183.4639,2.801635,1237651736832245876,-19.76451,10.79283,2.085784,0.012,3.068079,7.142982
1237651754548527156,183.0313,2.923954,1237651754548527156,-20.41413,11.09902,2.307769,0.0077,2.568904,8.056755
1237651754543022176,170.3857,2.887258,1237651754543022176,-20.50752,11.46453,10.45977,0.012,4.686163,16.53877
1237651736822153422,160.498,2.630283,1237651736822153422,-20.76545,11.34673,3.496192,0.03,4.307635,14.89391
1237651755074125862,157.246,3.124326,1237651755074125862,-20.88003,11.47998,3.571928,0.0077,3.834437,12.89413
1237650795680694418,140.6524,-0.409034,1237650795680694418,-20.47527,11.25629,2.972781,0.0077,6.699638,21.39008
1237651250414878847,139.5711,55.68253,1237651250414878847,-20.05849,11.0498,2.167394,0.03,3.953697,12.66508
1237651190286975145,139.8937,55.58385,1237651190286975145,-19.8177,10.88827,2.242026,0.03,4.38072,14.31765
1237651250945589326,123.7218,45.792,1237651250945589326,-19.8818,10.97296,2.831355,0.0077,6.593471,21.5937
1237649920044695727,27.28499,13.96325,1237649920044695727,-20.78279,11.53241,7.190137,0.0077,4.978623,15.56759
1237657773931823328,134.6334,38.4932,1237657773931823328,-20.47419,11.19767,3.410037,0.03,4.842084,14.67723
1237666090588307679,17.36329,14.26005,1237666090588307679,-20.28395,11.16002,2.906923,0.0077,3.528717,11.1306
1237658303276384269,150.722,54.82867,1237658303276384269,-20.3379,11.18185,3.496192,0.03,5.430429,18.67397
1237653652376387787,10.79927,15.26727,1237653652376387787,-20.46582,11.43984,5.404706,0.0077,3.765388,12.50487
1237657584951164986,42.36646,-0.8730066,1237657584951164986,-20.42708,10.83019,2.00088,0.0077,12.58798,34.29833
1237663783663763640,7.368432,-0.2126148,1237663783663763640,-20.82772,11.44484,3.410037,0.0077,6.310217,18.47392
1237654949451661546,242.767,52.45034,1237654949451661546,-21.55341,11.8273,8.292908,0.0077,10.76917,32.11515
1237656577239416854,337.2906,0.07887223,1237656577239416854,-19.91888,10.83232,2.831355,0.03,3.633594,11.54538
1237659327101403434,244.6388,43.08144,1237659327101403434,-20.45558,11.17181,6.135743,0.03,2.799149,8.162693
1237656529992548527,261.9688,60.09728,1237656529992548527,-19.40669,10.84065,3.029366,0.0077,4.868854,15.7904
1237671769079611646,258.8752,64.66433,1237671769079611646,-21.00094,11.83018,11.71931,0.0077,6.54893,22.24579
1237671768542871827,259.6298,64.4181,1237671768542871827,-20.48498,11.28423,2.167394,0.03,2.880511,7.973881
1237671767468540122,256.9957,63.36129,1237671767468540122,-20.70135,11.5518,5.632844,0.0077,4.258261,12.60023
1237648705141080278,245.3675,0.6032451,1237648705141080278,-20.22674,11.31839,11.84522,0.0077,4.152623,13.90122
1237648704602439979,241.3153,0.1380825,1237648704602439979,-20.3871,11.21486,2.972781,0.0077,3.057816,9.810838
1237648704602309157,241.0571,0.05354277,1237648704602309157,-19.94264,11.17193,6.297861,0.0077,3.271724,11.5798
1237657628976480491,134.9768,39.43858,1237657628976480491,-20.37002,11.24224,2.167394,0.03,2.844438,8.641739
1237657630586962190,133.6744,40.4058,1237657630586962190,-20.42545,11.23398,3.029366,0.0077,3.318229,10.83741
1237660635983642661,127.1319,30.43132,1237660635983642661,-21.65197,11.77386,3.496192,0.0077,16.41704,55.19873
1237671931209646193,165.3257,9.286669,1237671931209646193,-19.42141,10.81923,2.906923,0.0077,3.868097,10.49955
1237659327093014714,222.1293,55.411,1237659327093014714,-19.27281,10.76483,3.313596,0.0077,2.144842,7.021767
1237659327093538912,223.7412,54.83584,1237659327093538912,-20.14647,11.28539,6.525169,0.0077,3.797265,12.75075
1237656241168973832,352.6259,13.90562,1237656241168973832,-19.966,11.3498,6.525169,0.0077,5.575459,18.33201
1237658492277358688,175.4012,9.613947,1237658492277358688,-20.47492,11.14002,2.479575,0.0077,7.057518,35.91383
1237654670812184805,156.5895,0.4882298,1237654670812184805,-20.99214,11.5952,7.855135,0.0077,5.283566,17.03989
1237648721219551422,154.4527,-0.03076302,1237648721219551422,-19.62409,11.34058,11.71931,0.0077,2.029128,6.322838
1237651800162500807,154.9345,-0.6383026,1237651800162500807,-21.79674,11.83061,3.637797,0.0077,9.004886,26.18459
1237658492804464791,152.812,8.685843,1237658492804464791,-20.49823,11.21498,2.36435,0.03,3.138559,9.994952
1237662618651132118,239.4849,28.79563,1237662618651132118,-21.76997,12.03664,8.064765,0.0077,8.059908,25.9844
1237665357231423601,243.7257,37.18513,1237665357231423601,-20.05745,11.17374,3.809607,0.0077,2.975533,9.802543
1237659131676066093,229.0521,45.23307,1237659131676066093,-20.55875,11.29618,3.029366,0.0077,4.505524,14.80618
1237655107840442552,182.0746,59.69371,1237655107840442552,-20.11607,10.96514,2.242026,0.0077,2.537551,8.018395
1237658205034250305,140.2034,40.66421,1237658205034250305,-20.04728,11.05731,2.167394,0.03,3.858922,12.59383
1237654881799766185,189.7348,6.158388,1237654881799766185,-21.44666,11.73336,5.971447,0.0077,10.76971,34.41074
1237656536974229578,332.4887,-9.616017,1237656536974229578,-21.1708,11.75536,10.45977,0.0077,5.01628,15.4786
1237648720165666863,199.8197,-0.9954199,1237648720165666863,-21.46481,11.78596,4.901958,0.03,7.625157,22.91389
1237651504881729854,206.8186,0.3868226,1237651504881729854,-20.58286,11.2801,2.307769,0.03,2.296039,7.156141
1237663784744255599,22.88714,0.5559698,1237663784744255599,-21.38589,11.79695,5.735321,0.0077,10.79614,31.66231
1237651274036871335,132.437,57.15643,1237651274036871335,-19.83782,11.1919,7.966473,0.0077,4.468776,13.45408
1237671762638340300,192.3087,-1.687394,1237671762638340300,-20.57004,11.29138,2.479575,0.03,3.128295,10.15301
1237659150459404407,223.5115,54.26569,1237659150459404407,-21.2892,11.70213,6.469671,0.0077,4.260885,13.93515
1237671930672644200,164.9945,8.955998,1237671930672644200,-20.26766,11.19133,3.144591,0.0077,4.025538,13.81103
1237659131134279731,213.9704,50.32381,1237659131134279731,-21.11497,11.44884,3.410037,0.03,9.058195,27.23584
1237661388140118147,207.9256,55.99533,1237661388140118147,-20.30511,11.23903,4.07476,0.03,4.338843,14.47919
1237658802039685337,191.851,54.987,1237658802039685337,-20.79263,11.38592,2.242026,0.03,4.264698,13.99036
1237659329773305894,235.2548,47.57378,1237659329773305894,-20.7214,11.54473,7.855135,0.0077,4.839897,15.94933
1237655499207147741,216.925,-1.755712,1237655499207147741,-19.95271,11.026,2.906923,0.0077,3.187466,10.55883
1237654606407073898,177.4721,5.700807,1237654606407073898,-20.66089,11.32689,2.972781,0.0077,3.935211,13.84979
1237656495643951188,344.4826,14.14971,1237656495643951188,-21.21636,11.47733,2.972781,0.03,5.161413,16.3167
1237671958055616674,205.5402,2.227236,1237671958055616674,-20.79412,11.62479,6.525169,0.03,5.043154,15.63185
1237648720166322304,201.2573,-1.023299,1237648720166322304,-20.74894,11.48527,6.636447,0.0077,4.640209,16.11916
1237656495115337933,3.923203,14.68909,1237656495115337933,-21.11319,11.67697,7.399749,0.0077,5.788085,18.52344
1237656530529550531,263.0508,59.94152,1237656530529550531,-19.6321,11.00453,3.410037,0.0096,3.604524,10.77877
1237657773930119281,130.8553,36.18876,1237657773930119281,-20.4504,11.22707,3.496192,0.03,4.153261,13.54185
1237671129665175666,178.4331,5.547184,1237671129665175666,-20.09717,10.84202,2.361488,0.0077,4.423869,10.42307
1237654391104602360,122.597,42.27385,1237654391104602360,-20.91949,11.80768,9.679524,0.0077,5.361437,19.23784
1237656243308396719,333.6953,13.84086,1237656243308396719,-20.13958,11.07326,3.496192,0.03,22.82908,60.97943
1237662340012376316,239.1226,27.57683,1237662340012376316,-20.30872,11.14143,2.972781,0.03,2.80591,9.133771
1237662306199601435,239.4483,27.74141,1237662306199601435,-20.11387,11.10826,2.831355,0.0096,2.289587,6.373351
1237661351632371818,180.0579,56.25061,1237661351632371818,-20.35155,11.14716,3.410037,0.03,4.187563,13.75663
1237662306200256599,240.9233,26.87797,1237662306200256599,-20.42151,10.94957,2.167394,0.03,2.750866,8.519539
1237657591931469894,174.7857,55.66449,1237657591931469894,-20.90441,11.74165,12.45481,0.0077,7.247261,24.43548
1237661418745626675,198.8536,57.68262,1237661418745626675,-20.62971,11.38546,3.496192,0.0077,4.514136,15.86802
1237661463845011745,247.9444,25.59559,1237661463845011745,-20.1271,11.05313,2.831355,0.0077,3.037772,10.08755
1237657878614638933,119.8213,27.15446,1237657878614638933,-21.15349,11.55982,4.16118,0.03,6.940968,22.14498
1237657873257398394,146.7867,42.19044,1237657873257398394,-20.61127,11.29841,3.694381,0.03,4.883875,15.64643
1237658204499607746,146.4516,42.8993,1237658204499607746,-20.10693,11.04725,2.746209,0.0077,3.521598,9.076639
1237651752926052474,156.0034,1.511169,1237651752926052474,-20.54872,11.4446,6.469671,0.0077,3.050277,9.952002
1237658205587964004,194.6137,50.28062,1237658205587964004,-20.21176,11.03685,2.307769,0.03,2.22118,7.339438
1237657596225585396,126.5024,40.98111,1237657596225585396,-21.19983,11.75861,7.799702,0.0077,9.164235,30.71435
1237657594612482225,122.7679,35.98566,1237657594612482225,-20.87266,11.75756,9.794749,0.0077,6.514778,19.69284
1237674289682055328,119.023,33.74453,1237674289682055328,-21.14202,11.68207,6.636447,0.0077,7.456292,24.0864
1237657627919188105,187.1973,51.26525,1237657627919188105,-20.82349,11.51198,5.860279,0.0077,7.664149,25.83779
1237657855536529439,181.3683,51.47995,1237657855536529439,-20.79221,11.66712,11.71931,0.0077,4.76895,15.12787
1237657630602231972,182.1938,53.33371,1237657630602231972,-20.88219,11.504,9.794749,0.0077,10.03581,30.87809
1237657856610271340,181.2246,52.39539,1237657856610271340,-19.12479,10.52173,2.085784,0.012,2.050267,5.795454
1237657857146355777,178.3774,52.68945,1237657857146355777,-20.97517,11.34155,3.029366,0.03,7.428067,21.94858
1237657630063984807,177.0508,52.85209,1237657630063984807,-20.15584,11.08217,2.831355,0.0077,5.576532,18.61259
1237657857144782908,172.4881,52.22371,1237657857144782908,-19.96305,11.01394,3.410037,0.03,2.791718,8.873213
1237657857143996562,169.708,51.74157,1237657857143996562,-20.09346,10.96133,2.242026,0.0096,4.294112,13.23925
1237657855529255146,156.2567,47.84188,1237657855529255146,-20.72111,11.42355,4.07476,0.03,7.65837,23.28829
1237655125545779405,183.7374,5.042481,1237655125545779405,-19.98988,11.31565,8.452391,0.0077,3.782069,9.162717
1237655124472299661,184.3693,4.183313,1237655124472299661,-20.67349,11.333,2.085784,0.03,4.19419,11.06693
1237655373573062713,247.4371,40.81161,1237655373573062713,-21.40081,11.63297,3.694381,0.03,17.69461,59.01076
1237655348889256035,232.311,52.86391,1237655348889256035,-21.49361,11.88071,11.84522,0.0077,8.692046,29.18101
1237655370363961411,195.6627,62.49425,1237655370363961411,-21.28012,11.72619,7.301458,0.0077,8.174721,27.08546
1237658612517699661,168.9209,48.57266,1237658612517699661,-20.49149,11.15038,2.479575,0.0077,3.750071,12.34823
1237653436007579788,345.9478,-10.30825,1237653436007579788,-20.47254,10.96334,2.00088,0.0077,4.359566,11.09009
1237656536980062421,345.9719,-10.67689,1237656536980062421,-20.62094,11.44937,5.804655,0.0077,5.610758,13.97097
1237656539124006975,337.93,-8.408809,1237656539124006975,-21.84114,11.85331,3.571928,0.03,6.706486,20.68637
1237652599034085502,334.4182,-9.197838,1237652599034085502,-20.03915,10.92848,2.479575,0.03,2.125143,6.244181
1237656536975016057,334.1974,-9.724787,1237656536975016057,-20.44809,11.29259,3.496192,0.03,2.711147,7.90753
1237655130373488663,243.492,49.1896,1237655130373488663,-20.30045,11.41251,6.525169,0.0077,3.493923,12.15707
1237660024493965589,337.6895,-1.157578,1237660024493965589,-20.34871,11.41885,8.464718,0.0077,6.199768,19.95487
1237658205594714200,217.0829,45.98602,1237658205594714200,-20.64917,11.26693,2.831355,0.0077,4.233426,13.58485
1237660411574485102,134.1697,5.896488,1237660411574485102,-21.44375,11.56756,3.410037,0.03,7.781909,22.98666
1237652598492299651,323.1587,-8.404274,1237652598492299651,-20.2035,11.10135,3.626535,0.0077,3.624573,10.5411
1237652598489350568,316.3946,-7.59214,1237652598489350568,-20.04001,11.23255,4.531395,0.0077,3.28353,10.08596
1237651250949980200,134.0719,53.22355,1237651250949980200,-20.38555,11.51786,7.684477,0.0077,6.22099,32.81313
1237651822716649606,232.6628,3.494019,1237651822716649606,-21.53461,11.86405,7.627892,0.0077,9.298159,26.49465
1237651822716584014,232.4577,3.510881,1237651822716584014,-20.89869,11.48502,3.496192,0.0077,8.8688,29.6876
1237662266463617118,228.2207,4.514004,1237662266463617118,-20.16574,11.39532,12.62158,0.0077,3.100091,10.73469
1237671140946739267,179.3707,5.089051,1237671140946739267,-21.22491,11.56133,3.571928,0.03,5.303545,16.34765
1237648720164880476,198.0566,-0.9744826,1237648720164880476,-21.54359,11.9844,12.45481,0.0077,12.90267,38.89196
1237648704594575485,223.3961,0.01039672,1237648704594575485,-19.52356,11.49922,13.11983,0.012,7.859238,17.82678
1237651736308875340,214.3981,2.053219,1237651736308875340,-21.42243,11.62682,2.831355,0.0077,8.90385,25.42374
1237659326029365299,247.1593,39.55127,1237659326029365299,-20.80357,11.62677,6.297861,0.0077,13.24401,40.93801
1237659326029365299,247.1593,39.55127,1237659326029365309,-20.80357,11.62677,6.297861,0.0077,13.24401,40.93801
1237660412114501786,141.3249,7.065295,1237660412114501786,-15.65044,7.916643,12.45481,0.03,0.4360146,1.042122
1237660412114501786,141.3249,7.065295,1237660412114501785,-15.65044,7.916643,12.45481,0.03,0.4360146,1.042122
1237659150459863215,224.9016,53.57255,1237659150459863215,-20.74174,11.35047,3.313596,0.0077,4.394053,13.78174
1237651752409235666,201.7656,1.335729,1237651752409235666,-20.5483,11.36572,7.562022,0.0077,5.989613,19.50513
1237651539246710840,170.5641,67.22183,1237651539246710840,-20.02098,11.30282,5.306479,0.0077,4.051979,14.19683
1237661872957292587,233.3931,33.69963,1237661872957292587,-21.12891,11.42221,2.307769,0.0096,4.683852,14.96973
1237657630586896602,133.5045,40.22859,1237657630586896602,-20.71245,11.4671,4.16118,0.0077,4.303151,13.62368
1237657630587093091,133.8968,40.46482,1237657630587093091,-21.20986,11.52408,2.167394,0.03,4.899816,15.87138
1237653650774950018,32.28911,12.39003,1237653650774950018,-19.2459,10.80095,5.596499,0.0077,2.342115,7.673429
1237663784742486039,18.73997,0.4308068,1237663784742486039,-21.06542,11.54479,3.496192,0.0077,10.36946,33.13856
1237663783126237342,5.908311,-0.7841768,1237663783126237342,-19.96776,11.13525,3.637797,0.0077,2.851726,8.410826
1237661873483350038,204.1943,43.84138,1237661873483350038,-20.11294,11.38096,12.45481,0.0077,8.121188,22.69346
1237661152450183230,188.7038,50.80517,1237661152450183230,-20.67361,11.29816,2.831355,0.0077,8.261153,24.28853
1237671932820193349,165.1889,10.55319,1237671932820193349,-20.15424,11.45311,13.11983,0.0077,5.755325,17.6279
1237662339475112051,238.0152,27.86658,1237662339475112051,-20.98795,11.51317,4.07476,0.03,5.5653,18.38141
1237658493346578613,164.8655,9.835698,1237658493346578613,-20.45662,11.36487,7.799702,0.0077,7.350483,23.64021
1237654669202817103,159.374,-0.6779505,1237654669202817103,-20.60972,11.36813,3.637797,0.0077,3.006259,11.04166
1237660615051903113,180.3555,10.63789,1237660615051903113,-20.58716,11.15753,2.479575,0.0077,3.873462,12.96821
1237662340012638224,239.5833,27.23341,1237662340012638224,-21.56605,11.81685,4.901958,0.03,19.41932,61.93502
1237651752385904747,148.39,0.9236302,1237651752385904747,-19.53172,11.0058,8.561189,0.0096,2.594516,5.922235
1237662305663189222,240.1015,26.67645,1237662305663189222,-19.90458,11.04677,3.750515,0.0077,3.367863,10.32369
1237660342862872626,145.8879,39.41511,1237660342862872626,-20.75827,11.64134,12.88215,0.0077,10.79332,36.7311
1237671142557089805,177.8878,5.101463,1237671142557089805,-21.39668,11.65137,5.804655,0.019,8.287412,29.45368
1237652944783605994,354.5043,15.90046,1237652944783605994,-20.6391,11.43446,4.16118,0.0077,6.0928,20.01929
1237656538586546422,336.5421,-8.743038,1237656538586546422,-20.10104,11.26991,7.301458,0.0077,5.820461,18.6511
1237656538586480811,336.37,-8.727955,1237656538586480811,-20.84386,11.62559,6.862026,0.0077,4.456336,11.03361
1237651250976653371,242.0341,49.20099,1237651250976653371,-20.37978,11.3933,5.306479,0.0077,4.996982,16.91506
1237661418213933110,218.2908,53.23269,1237661418213933110,-20.7261,11.57742,9.622939,0.0077,9.999698,34.24871
1237662306736275738,239.3076,28.28687,1237662306736275738,-20.62717,11.27045,2.831355,0.0077,4.731243,14.63026
1237674599462928544,181.3468,10.3795,1237674599462928544,-22.09463,12.10989,12.45481,0.0077,11.95617,39.13052
1237655463235748027,203.2643,60.11769,1237655463235748027,-19.57105,11.06423,4.641619,0.0077,4.217397,14.22809
1237657630605246519,193.6573,53.08999,1237657630605246519,-21.08876,11.5125,2.085784,0.03,6.999459,23.34265
1237659133817913412,212.956,52.81671,1237659133817913412,-21.15116,11.67806,7.512236,0.0077,4.835402,16.88114
1237659133280977100,212.482,52.5531,1237659133280977100,-20.35643,11.14508,2.36435,0.03,4.751308,13.475
1237658800967712944,198.4931,53.46929,1237658800967712944,-20.5793,11.50373,7.562022,0.0077,3.780372,11.91751
1237658802572099737,174.0146,55.07526,1237658802572099737,-21.01933,11.66298,6.636447,0.0077,9.346431,27.77711
1237659330314109216,244.5018,41.3922,1237659330314109216,-20.63571,11.48533,9.394796,0.0077,5.816919,18.96345
1237661465455296905,248.2999,27.00017,1237661465455296905,-19.49351,10.81703,2.831355,0.0077,1.894873,5.934169
1237648722831016218,156.4666,1.190625,1237648722831016218,-20.74134,11.59446,11.57709,0.0077,4.081093,11.9268
1237658303816073284,160.8971,58.10631,1237658303816073284,-20.79178,11.33325,2.167394,0.03,4.60077,14.87092
1237658302743052395,164.3127,57.75746,1237658302743052395,-19.81838,11.28091,8.15127,0.0077,2.478293,8.026532
1237662336796065949,248.2746,26.21185,1237662336796065949,-20.37066,11.67608,10.00115,0.012,3.610213,10.94562
1237658491731705937,155.1652,7.859435,1237658491731705937,-20.27693,11.14259,2.831355,0.0077,4.746964,16.31213
1237657634334572565,138.2823,47.7084,1237657634334572565,-20.24296,11.2925,4.07476,0.0077,4.782324,15.61649
1237674367530631649,120.3054,34.67522,1237674367530631649,-20.42695,11.29491,3.496192,0.0077,3.639353,12.06657
1237657608568307952,117.5977,31.99018,1237657608568307952,-20.31487,11.37726,5.971447,0.0077,8.702744,24.46072
1237657595146076236,116.6353,30.49076,1237657595146076236,-20.53308,11.27715,3.029366,0.0077,6.809474,23.44561
1237655126093332896,208.2767,5.149731,1237655126093332896,-21.56662,11.71161,3.637797,0.03,7.846479,26.48471
1237651755090968586,195.7262,3.317424,1237651755090968586,-20.34353,11.11466,2.479575,0.0096,3.111976,10.42086
1237656495104786778,339.2296,13.22589,1237656495104786778,-21.04328,11.71024,7.627892,0.0077,4.444363,13.72514
1237655368760164378,222.8447,55.40134,1237655368760164378,-19.94135,11.24909,7.627892,0.0077,6.084925,21.8001
1237654604796788785,178.2356,4.36046,1237654604796788785,-20.15732,11.25924,7.799702,0.0077,4.057246,13.27681
1237670955716509819,29.0991,-9.626736,1237670955716509819,-21.0135,11.51603,3.410037,0.0077,7.65478,24.127
1237654600492712202,157.0978,3.758755,1237654600492712202,-20.94272,11.76316,10.28796,0.0077,9.071857,26.07584
1237662266463879296,228.8088,4.386216,1237662266463879296,-21.02982,11.57647,10.45977,0.0077,4.251688,14.3669
1237651822177812541,228.0919,3.396821,1237651822177812541,-20.33077,11.42193,6.469671,0.0077,8.040915,24.59602
1237657610727588082,173.0967,55.96744,1237657610727588082,-19.8517,11.24711,11.84522,0.0077,10.2415,33.33598
1237654949450350719,239.3391,54.67109,1237654949450350719,-20.6494,11.32917,2.972781,0.0077,4.769741,16.35097
1237655742409343266,227.4674,4.407715,1237655742409343266,-20.30259,11.16587,2.906923,0.0077,4.76738,15.91137
1237661352168652929,177.522,56.48097,1237661352168652929,-21.04858,11.49842,2.972781,0.0077,7.291031,24.09191
1237661353241346069,173.01,57.02259,1237661353241346069,-20.12243,11.07857,2.831355,0.0077,2.939742,9.661056
1237654601567633656,159.7695,4.647481,1237654601567633656,-21.40325,11.82831,11.84522,0.0077,16.95935,58.6454
1237661416060944418,196.7776,55.83087,1237661416060944418,-20.34834,11.09302,2.242026,0.03,2.889466,9.132816
1237661416065400958,213.4877,52.76448,1237661416065400958,-21.20331,11.55924,6.038114,0.0077,7.02109,17.93802
1237661417677193363,218.3946,52.71954,1237661417677193363,-19.85687,11.02296,2.831355,0.0096,3.128299,10.11409
1237661418750279689,216.8333,54.28889,1237661418750279689,-20.22238,11.11728,2.831355,0.0077,4.74057,15.84962
1237661418750476311,217.4521,53.96502,1237661418750476311,-20.70475,11.31752,2.906923,0.0077,10.4508,35.30199
1237661386534092836,223.0644,50.37365,1237661386534092836,-20.97301,11.50186,4.07476,0.03,5.362173,18.71531
1237659163343716381,230.2177,48.66069,1237659163343716381,-21.66641,11.72959,2.167394,0.03,7.449129,20.28486
1237661388148637741,235.0187,46.10595,1237661388148637741,-19.65009,10.76784,2.242026,0.0077,3.925529,13.3572
1237661386003382291,238.758,41.57834,1237661386003382291,-20.64294,11.65645,12.51024,0.0077,10.05498,33.62138
1237661386546676181,251.6892,31.06208,1237661386546676181,-20.61795,11.00887,2.00088,0.0096,2.088708,5.779634
1237661386010263645,251.9335,29.94197,1237661386010263645,-21.74695,11.96556,10.05981,0.0077,7.630675,22.99236
1237658492269494415,157.2374,8.483462,1237658492269494415,-20.50224,11.29788,3.410037,0.0077,6.821059,24.61994
1237651212287738018,258.8457,57.41119,1237651212287738018,-20.70206,11.46449,4.967828,0.03,11.87988,37.20474
1237658492815016056,177.2026,9.995858,1237658492815016056,-20.89393,11.6764,5.306479,0.0077,5.727299,18.43778
1237655499736940671,200.7588,-1.71139,1237655499736940671,-21.01851,11.45247,2.906923,0.0077,8.263144,25.71021
1237661852013428847,207.6438,43.436,1237661852013428847,-19.8663,10.92534,2.831355,0.0096,2.886398,8.135113
1237660615051772060,180.0596,10.69674,1237660615051772060,-20.77824,11.54705,7.799702,0.0077,6.827993,21.70177
1237660024494489821,338.7998,-1.147197,1237660024494489821,-20.93566,11.62187,4.641619,0.0096,6.429747,19.54153
1237658800967188670,196.4829,53.65926,1237658800967188670,-20.44792,11.29631,3.410037,0.0077,8.404208,28.08355
1237658205036675212,146.7091,43.42385,1237658205036675212,-20.85204,11.28552,3.376582,0.0096,3.771477,10.6276
1237651823781347374,212.022,5.417548,1237651823781347374,-21.36127,11.82617,7.627892,0.0077,5.38585,17.77661
1237674367531483264,122.5355,35.27526,1237674367531483264,-21.30977,11.81873,7.799702,0.0077,7.775105,26.18055
1237657594075217929,122.412,34.92702,1237657594075217929,-20.37184,11.27865,8.794135,0.03,2.821223,9.686893
1237655124472627237,185.0913,4.345404,1237655124472627237,-20.31692,11.21306,2.307769,0.03,3.105034,10.48015
1237655742947262470,229.756,4.520676,1237655742947262470,-20.76892,11.52624,4.474623,0.03,11.29196,35.3301
1237663783666843670,14.43767,-0.4194196,1237663783666843670,-21.0123,11.45618,3.496192,0.03,7.696011,22.92132
1237658203447820431,217.9121,44.00527,1237658203447820431,-20.90162,11.55562,7.301458,0.0077,4.718981,15.49684
1237657630584340715,127.8302,36.43806,1237657630584340715,-20.80623,11.63936,10.34454,0.0077,5.214451,17.16138
1237649920574816409,11.43749,15.4517,1237649920574816409,-20.52479,11.27095,2.906923,0.0077,6.328936,20.88574
1237654391103619080,120.7048,40.45739,1237654391103619080,-20.44163,11.22634,2.831355,0.0096,5.240471,17.5026
1237661418210852997,207.025,56.09938,1237661418210852997,-19.86964,10.96327,2.831355,0.0077,2.054124,6.766213
1237663782592905352,14.06715,-1.255369,1237663782592905352,-21.70859,11.998,7.301458,0.0077,14.82366,36.34812
1237661871872671996,203.7853,42.64721,1237661871872671996,-20.3761,11.26408,3.496192,0.0077,6.550306,21.56973
1237666408459141156,38.1674,0.2600741,1237666408459141156,-19.67494,10.82448,2.479575,0.0077,8.721813,26.36051
1237659327107170684,254.9331,32.61532,1237659327107170684,-21.7386,11.74411,2.36435,0.03,6.503618,21.85616
1237648674531836029,243.1546,0.3799716,1237648674531836029,-19.51897,10.72806,2.479575,0.0077,3.33529,10.62192
1237661871872737488,203.9569,42.67831,1237661871872737488,-19.90341,10.98418,2.831355,0.0077,3.817418,12.24775
1237661872946479130,204.1272,43.40482,1237661872946479130,-20.3354,11.37435,8.292908,0.0077,5.006132,17.15209
1237661872949297238,212.5175,41.7558,1237661872949297238,-21.5862,11.65425,2.307769,0.03,5.284804,17.03921
1237671764249673775,191.2391,-0.04312155,1237671764249673775,-21.10628,11.5,2.906923,0.0077,8.562714,28.17839
1237654604260049125,178.5256,3.920996,1237654604260049125,-20.31514,11.39822,10.05981,0.0077,3.183478,11.09847
1237658205036740684,146.8328,43.4004,1237658205036740684,-20.52728,11.21808,2.36435,0.03,2.804471,9.527455
1237662266464600297,230.3439,4.341694,1237662266464600297,-20.97379,11.73298,7.684477,0.0077,9.568142,30.60347
1237663783134036155,23.72385,-0.6649879,1237663783134036155,-20.95007,11.65299,8.064765,0.0077,3.880999,12.64075
1237661435925889062,208.1606,46.34984,1237661435925889062,-21.20707,11.62494,3.571928,0.0077,4.426193,14.80892
1237655463777140937,221.4174,56.21067,1237655463777140937,-20.52972,11.19531,2.242026,0.03,3.948534,12.45617
1237652942627471506,334.3534,12.52298,1237652942627471506,-20.40506,11.20327,3.496192,0.03,3.107387,10.48496
1237661387065917554,205.9375,55.63378,1237661387065917554,-20.49918,11.2501,2.085784,0.03,3.030507,9.021103
1237657857146814599,180.0665,52.66813,1237657857146814599,-20.4481,11.17213,2.36435,0.03,6.040476,18.531
1237655129842516349,253.9542,37.98989,1237655129842516349,-20.301,11.22104,2.831355,0.012,4.820177,16.39229
1237654653099180063,122.1485,38.9145,1237654653099180063,-19.5681,11.09515,10.14632,0.0077,4.943368,17.86851
