1000 	 1.152833 	 83.795200 	 14.225800 	 7.097800 	 0.878400 	 -27.936900 	 0.093555 	 0.387878 	 0.084729 	 0.261970 	 0.023277
1001 	 0.985760 	 57.169400 	 13.594700 	 6.216400 	 0.799800 	 -33.435000 	 0.024389 	 0.264995 	 0.003252 	 0.090316 	 0.041068
1005 	 1.302156 	 3073.004600 	 12.573300 	 17.237300 	 0.813100 	 -55.174800 	 0.171806 	 0.263708 	 0.250160 	 0.160840 	 0.019460
1009 	 1.029182 	 21.155200 	 14.728100 	 5.321000 	 0.803400 	 -44.625300 	 0.016082 	 0.036239 	 0.008019 	 0.334488 	 0.140320
1011 	 0.984708 	 319.220400 	 13.110100 	 8.855600 	 0.840000 	 80.078600 	 0.022178 	 0.226854 	 0.004925 	 0.125029 	 0.019356
1012 	 1.002389 	 18.703200 	 15.014400 	 4.232100 	 0.895200 	 37.750200 	 0.016362 	 0.291831 	 0.008389 	 0.077627 	 0.033936
1013 	 1.128793 	 73.806900 	 13.983700 	 5.854400 	 0.731600 	 -28.108500 	 0.104997 	 0.373465 	 0.116942 	 0.092179 	 0.045862
1015 	 1.009750 	 17.398400 	 15.365200 	 6.098000 	 0.708200 	 -50.525000 	 0.013008 	 0.209128 	 0.005903 	 0.080402 	 0.003988
1016 	 0.990418 	 29.379800 	 14.672800 	 3.059300 	 0.734400 	 -79.331800 	 0.032924 	 0.207782 	 -0.006418 	 0.128517 	 0.056280
1017 	 1.066759 	 903.564100 	 12.107200 	 9.261300 	 0.799500 	 16.211800 	 0.092808 	 0.297806 	 0.028592 	 0.078243 	 0.004650
1018 	 0.988922 	 46.113700 	 14.304200 	 4.349100 	 0.808600 	 26.949200 	 0.021721 	 0.279436 	 0.012769 	 0.030613 	 0.029511
1019 	 0.973977 	 52.074200 	 14.195400 	 5.069400 	 0.683100 	 45.200100 	 0.016058 	 0.135386 	 0.006912 	 0.396081 	 0.090484
1020 	 1.354866 	 209.721400 	 12.430000 	 6.839300 	 0.773600 	 -30.356100 	 0.058985 	 0.028632 	 0.041406 	 0.606144 	 0.084854
1021 	 1.039000 	 14.530900 	 15.086600 	 4.933000 	 0.904500 	 31.624600 	 0.018836 	 0.198993 	 0.004945 	 0.052301 	 0.027349
1024 	 0.964745 	 50.656900 	 13.969800 	 4.486100 	 0.737000 	 44.412400 	 0.009312 	 0.253588 	 0.000555 	 0.027491 	 0.003888
1025 	 0.968968 	 145.750500 	 12.111600 	 5.392900 	 0.815000 	 4.009900 	 0.028912 	 0.116692 	 0.008584 	 0.220912 	 0.070035
1026 	 1.102375 	 19.470400 	 14.728100 	 5.564600 	 0.812500 	 -83.960400 	 0.029014 	 0.262002 	 0.011914 	 0.105982 	 0.015998
1027 	 1.362640 	 14.068400 	 14.837600 	 3.523500 	 0.967400 	 70.446900 	 0.078172 	 0.364304 	 0.077985 	 0.242600 	 0.028479
1028 	 0.972833 	 60.126600 	 14.591100 	 8.068600 	 0.840000 	 6.854300 	 0.016579 	 0.356502 	 0.005249 	 0.038661 	 0.000000
1030 	 1.027496 	 40.386900 	 14.337400 	 6.095900 	 0.681900 	 -41.920200 	 0.016595 	 0.179169 	 0.003794 	 0.029707 	 0.000900
1032 	 1.057068 	 70.323600 	 12.164900 	 4.197500 	 0.831100 	 -80.498600 	 0.039455 	 0.220672 	 0.038231 	 0.162641 	 0.016853
1034 	 1.222900 	 61.082600 	 13.920600 	 7.200900 	 0.933600 	 -32.543700 	 0.061008 	 0.146548 	 0.063266 	 0.549625 	 0.055108
1036 	 1.042359 	 13.092500 	 15.274400 	 4.523900 	 0.667600 	 10.736600 	 0.022467 	 0.203135 	 -0.001029 	 0.073813 	 0.000000
1038 	 1.072690 	 9.489900 	 15.420500 	 2.884900 	 0.875900 	 -89.491000 	 0.044633 	 0.227921 	 0.012630 	 0.118413 	 0.026107
1039 	 1.313372 	 140.278500 	 13.363400 	 6.471200 	 0.684400 	 8.354400 	 0.061519 	 0.093730 	 0.049513 	 0.303196 	 0.050975
1040 	 1.437246 	 24.582100 	 14.325400 	 5.345800 	 0.839400 	 -46.834500 	 0.030849 	 0.070106 	 0.037081 	 0.734651 	 0.142157
1041 	 1.056969 	 92.572200 	 13.513600 	 8.338400 	 0.715000 	 43.057800 	 0.019847 	 0.141145 	 0.010822 	 0.115244 	 0.020566
1042 	 1.130153 	 25.201300 	 14.843200 	 5.741200 	 0.841400 	 -7.392600 	 0.026274 	 0.142400 	 0.007808 	 0.083129 	 0.038609
1043 	 1.063372 	 158.679700 	 13.278600 	 6.150300 	 0.915900 	 6.643900 	 0.079507 	 0.289646 	 0.082111 	 0.364002 	 0.050827
1044 	 0.988353 	 224.847000 	 12.998100 	 5.107600 	 0.538600 	 73.063000 	 0.035170 	 0.245146 	 -0.007447 	 0.213059 	 0.018621
1047 	 0.996981 	 89.596500 	 13.695600 	 6.175600 	 0.819000 	 -81.479600 	 0.026043 	 0.257768 	 0.008098 	 0.102094 	 0.012089
1048 	 1.616851 	 26.507800 	 14.463500 	 3.368700 	 0.583400 	 70.017500 	 0.092752 	 0.061426 	 0.047792 	 0.319577 	 0.049065
1050 	 1.109502 	 25.142100 	 13.687800 	 4.165300 	 0.793600 	 -38.489000 	 0.033311 	 0.174095 	 -0.002483 	 0.034324 	 0.008674
1051 	 0.997539 	 930.659100 	 12.624500 	 11.671200 	 0.636300 	 -83.400800 	 0.048399 	 0.370102 	 0.017375 	 0.917361 	 0.100885
1053 	 1.063041 	 10.678300 	 15.361600 	 3.716200 	 0.741600 	 29.846400 	 0.026265 	 0.221514 	 0.005647 	 0.072751 	 0.047347
1057 	 1.049114 	 35.148400 	 13.924700 	 4.533000 	 0.916900 	 -32.755800 	 0.026352 	 0.192447 	 0.001560 	 0.020591 	 0.003461
1058 	 1.026824 	 29.191600 	 14.182900 	 3.284200 	 0.787800 	 -80.352800 	 0.033647 	 0.067900 	 0.012737 	 0.588661 	 0.232143
1059 	 0.985643 	 100.145600 	 14.462800 	 8.972900 	 0.831200 	 60.923200 	 0.012949 	 0.184276 	 0.007205 	 0.180659 	 0.059410
1061 	 1.282260 	 13.878700 	 13.759200 	 5.106700 	 0.660800 	 -87.031900 	 0.016821 	 0.166828 	 0.000619 	 0.049111 	 0.012734
1066 	 1.208828 	 837.194000 	 12.447900 	 10.664500 	 0.846200 	 -75.878600 	 0.070848 	 0.092012 	 0.053599 	 0.170922 	 0.216634
1067 	 1.126073 	 68.028600 	 15.025500 	 10.323300 	 0.895900 	 28.154800 	 0.033519 	 0.147630 	 0.000748 	 0.063310 	 0.000000
1069 	 0.970629 	 203.086300 	 12.969500 	 8.293200 	 0.803800 	 -43.931500 	 0.025375 	 0.185144 	 -0.006843 	 0.034265 	 0.041268
1071 	 1.243961 	 15.197200 	 14.662200 	 4.052700 	 0.785100 	 -34.239400 	 0.044250 	 0.196511 	 0.019320 	 0.073195 	 0.010686
1075 	 0.983527 	 19.407200 	 14.648600 	 3.497600 	 0.978100 	 -10.975800 	 0.015386 	 0.233751 	 0.005436 	 0.019056 	 0.046976
1076 	 0.990634 	 212.682600 	 12.658900 	 9.301100 	 0.803000 	 0.005866 	 0.022336 	 0.245513 	 0.007986 	 0.048557 	 0.000646
1079 	 1.008858 	 18.559100 	 14.017400 	 4.571300 	 0.946800 	 4.426300 	 0.014856 	 0.214107 	 -0.009068 	 0.030526 	 0.022845
1080 	 0.967698 	 114.225500 	 13.736100 	 5.637300 	 0.692600 	 87.860900 	 0.014883 	 0.241821 	 -0.002552 	 0.055181 	 0.015871
1082 	 0.982302 	 82.142800 	 13.745000 	 5.605900 	 0.646000 	 48.901300 	 0.024206 	 0.227359 	 0.004400 	 0.078323 	 0.057702
1083 	 1.000192 	 22.581600 	 14.515600 	 5.318900 	 0.659300 	 -8.148600 	 0.019271 	 0.339904 	 -0.002875 	 0.085779 	 0.008685
1084 	 0.972964 	 77.413000 	 14.479400 	 9.481100 	 0.803900 	 -57.595900 	 0.011663 	 0.284434 	 0.010921 	 0.035250 	 0.000000
1088 	 0.974253 	 2076.579300 	 11.943900 	 12.176900 	 0.889200 	 39.044300 	 0.040050 	 0.306507 	 0.023839 	 0.087115 	 0.022705
1089 	 0.998181 	 25.718000 	 14.394300 	 6.843000 	 0.728100 	 12.596400 	 0.011163 	 0.227690 	 -0.001662 	 0.036573 	 0.001617
1090 	 0.961087 	 1774.516100 	 11.865500 	 11.798000 	 0.738000 	 -83.306200 	 0.034232 	 0.273523 	 0.006790 	 0.172185 	 0.023995
1094 	 1.008282 	 15.653500 	 15.290500 	 4.689500 	 0.857200 	 14.510200 	 0.017332 	 0.249209 	 0.006689 	 0.020084 	 0.000000
1099 	 1.073799 	 20.954200 	 14.081900 	 4.737700 	 0.878500 	 -72.599800 	 0.028546 	 0.140486 	 -0.001486 	 0.309044 	 0.017679
1101 	 0.962503 	 78.811700 	 13.699900 	 6.144400 	 0.732000 	 -53.473100 	 0.015154 	 0.198290 	 -0.007741 	 0.148502 	 0.008862
1102 	 1.020480 	 40.967500 	 14.889100 	 7.711600 	 0.775000 	 57.911800 	 0.021866 	 0.217255 	 0.001661 	 0.035937 	 0.042862
1103 	 0.985901 	 125.993400 	 13.906300 	 8.399700 	 0.786700 	 63.094300 	 0.030923 	 0.273870 	 0.014174 	 0.121609 	 0.020492
1107 	 1.030730 	 6.909900 	 15.972300 	 3.230100 	 0.805000 	 -78.722100 	 0.012768 	 0.148904 	 -0.000706 	 0.114737 	 0.008554
1109 	 1.013528 	 1038.567900 	 12.822100 	 15.071800 	 0.835200 	 -6.567600 	 0.036795 	 0.168118 	 0.001484 	 0.111474 	 0.074186
1111 	 0.976785 	 128.719900 	 14.085800 	 8.321700 	 0.868600 	 -39.490600 	 0.020904 	 0.258462 	 -0.009206 	 0.041693 	 0.003277
1112 	 0.982146 	 60.208300 	 13.850700 	 4.022600 	 0.714600 	 -59.258100 	 0.026429 	 0.287178 	 -0.001167 	 0.035698 	 0.019842
1114 	 1.068017 	 11.858900 	 15.425400 	 5.465100 	 0.670100 	 77.761500 	 0.016001 	 0.200608 	 -0.003860 	 0.060001 	 0.018925
1118 	 0.917399 	 272.069500 	 10.609700 	 5.606900 	 0.683900 	 11.487800 	 0.013227 	 0.134718 	 -0.005604 	 0.046788 	 0.011344
1120 	 1.065319 	 14.251300 	 15.040400 	 6.201800 	 0.901400 	 4.545400 	 0.015573 	 0.194029 	 0.006130 	 0.057313 	 0.025250
1122 	 0.981146 	 28.394700 	 14.784100 	 4.921800 	 0.892400 	 -24.402400 	 0.015558 	 0.152107 	 0.004952 	 0.155349 	 0.046845
1123 	 1.000745 	 20.772000 	 14.739000 	 4.984200 	 0.946900 	 15.789700 	 0.027041 	 0.328712 	 0.006997 	 0.027102 	 0.012488
1124 	 1.044623 	 36.728000 	 13.943500 	 7.300100 	 0.886000 	 71.947800 	 0.032455 	 0.293044 	 0.020784 	 0.003289 	 0.034065
1125 	 1.018770 	 484.617800 	 12.776900 	 13.574800 	 0.647200 	 82.766800 	 0.036384 	 0.118544 	 0.017660 	 0.358217 	 0.048601
1126 	 0.987991 	 410.517000 	 13.169000 	 11.158900 	 0.873600 	 -47.864500 	 0.019512 	 0.229719 	 0.005308 	 0.050219 	 0.013123
1128 	 1.008548 	 74.498800 	 13.638900 	 8.130200 	 0.917700 	 -2.100900 	 0.032916 	 0.319487 	 0.007298 	 0.130742 	 0.018693
1130 	 1.017578 	 15.639600 	 14.797000 	 4.392300 	 0.953100 	 -41.921700 	 0.029794 	 0.237054 	 -0.004843 	 0.035543 	 0.008345
1132 	 0.988024 	 49.513400 	 13.965000 	 4.807400 	 0.530400 	 -17.100200 	 0.025857 	 0.240305 	 0.009561 	 0.061425 	 0.068454
1135 	 1.019914 	 20.754500 	 15.344600 	 5.382900 	 0.832400 	 51.329700 	 0.025885 	 0.238779 	 0.006817 	 0.033714 	 0.021346
1136 	 1.200200 	 395.570800 	 14.032800 	 13.252900 	 0.841300 	 41.730100 	 0.064733 	 0.203741 	 0.017686 	 0.027774 	 0.010963
1137 	 0.992352 	 13.273000 	 15.268700 	 4.579100 	 0.904200 	 61.499600 	 0.007910 	 0.210281 	 -0.006934 	 0.015027 	 0.043947
1138 	 1.011869 	 17.366100 	 14.811100 	 5.650800 	 0.597300 	 70.474700 	 0.020614 	 0.242352 	 -0.000327 	 0.026206 	 0.058114
1139 	 0.991104 	 75.681900 	 14.653100 	 6.753500 	 0.986700 	 88.049600 	 0.023303 	 0.288548 	 0.010775 	 0.089068 	 0.068607
1140 	 1.238281 	 19.388900 	 13.989400 	 7.198800 	 0.835200 	 20.743600 	 0.023656 	 0.196684 	 0.005623 	 0.069042 	 0.015133
1142 	 1.023133 	 44.559000 	 13.206100 	 4.794800 	 0.896300 	 25.901000 	 0.025762 	 0.155095 	 0.001660 	 0.158791 	 0.021488
1143 	 1.404327 	 18.950700 	 13.764100 	 3.842600 	 0.941900 	 -32.757300 	 0.076055 	 0.041088 	 0.012257 	 0.675583 	 0.061691
1144 	 0.996683 	 42.484700 	 14.576700 	 6.177200 	 0.809000 	 35.478100 	 0.014104 	 0.302227 	 0.001633 	 0.045973 	 0.000000
1147 	 0.991504 	 277.483700 	 13.636200 	 11.175000 	 0.761100 	 42.254500 	 0.027035 	 0.296713 	 0.014593 	 0.079218 	 0.026463
1149 	 1.113582 	 14.081100 	 14.418600 	 5.080600 	 0.686000 	 -1.178500 	 0.016565 	 0.148735 	 0.001912 	 0.179709 	 0.022238
1150 	 0.986819 	 23.531500 	 15.221900 	 4.340500 	 0.721600 	 38.036700 	 0.011448 	 0.245316 	 -0.004194 	 0.042786 	 0.015104
1151 	 0.991001 	 72.347000 	 13.413100 	 5.446400 	 0.821900 	 -73.440200 	 0.019393 	 0.186366 	 -0.001123 	 0.075818 	 0.016631
1155 	 1.046586 	 22.320100 	 14.564900 	 3.485500 	 0.698200 	 70.244600 	 0.037046 	 0.101760 	 0.012695 	 0.179307 	 0.114835
1159 	 0.979380 	 55.583800 	 14.484700 	 4.794500 	 0.717700 	 -18.434200 	 0.011043 	 0.201235 	 -0.005867 	 0.106860 	 0.015250
1163 	 0.993290 	 187.724700 	 14.561500 	 10.790700 	 0.641600 	 55.897800 	 0.023283 	 0.254326 	 -0.005785 	 0.045389 	 0.010147
1164 	 1.025168 	 412.336900 	 13.043800 	 11.369700 	 0.777800 	 -13.147900 	 0.046007 	 0.300978 	 0.023336 	 0.085853 	 0.010748
1165 	 1.006310 	 87.914700 	 14.205600 	 9.779100 	 0.883600 	 27.098200 	 0.017119 	 0.265233 	 -0.001875 	 0.036612 	 0.000000
1166 	 1.059071 	 587.556000 	 11.697300 	 11.558400 	 0.739900 	 -49.310500 	 0.027115 	 0.083716 	 0.012680 	 0.174789 	 0.110272
1167 	 20.703190 	 6.316000 	 15.304800 	 1.592000 	 0.686100 	 10.539600 	 0.204081 	 0.179388 	 0.101062 	 0.111051 	 0.025159
1169 	 1.004711 	 22.106600 	 13.787400 	 4.984900 	 0.826300 	 -22.529400 	 0.012455 	 0.256033 	 0.002576 	 0.081822 	 0.004987
1171 	 1.209774 	 12.980900 	 14.295000 	 4.098400 	 0.905500 	 -36.628900 	 0.039526 	 0.149744 	 0.010064 	 0.085366 	 0.027715
1178 	 1.108853 	 119.627900 	 14.382000 	 12.615800 	 0.852100 	 -37.535500 	 0.026158 	 0.195268 	 0.017827 	 0.719757 	 0.009076
1181 	 0.986310 	 39.414500 	 14.978200 	 5.732300 	 0.850100 	 -55.206100 	 0.014279 	 0.278444 	 0.012276 	 0.047604 	 0.020382
1184 	 0.989838 	 1144.990600 	 12.518700 	 11.778100 	 0.717400 	 14.453100 	 0.030965 	 0.230234 	 -0.008702 	 0.026378 	 0.031935
1189 	 1.005593 	 3011.238500 	 11.562000 	 12.945300 	 0.776000 	 -46.058100 	 0.036013 	 0.172271 	 -0.006672 	 0.021661 	 0.035750
1194 	 1.048063 	 44.409000 	 12.710400 	 4.395800 	 0.829100 	 23.654200 	 0.026046 	 0.147635 	 -0.005130 	 0.039641 	 0.008800
1196 	 0.997978 	 44.225500 	 15.161600 	 7.842800 	 0.680700 	 -76.884200 	 0.015289 	 0.235748 	 0.000320 	 0.130760 	 0.003421
1198 	 1.069872 	 7.052900 	 15.985800 	 4.263400 	 0.958400 	 -78.688200 	 0.015216 	 0.211165 	 0.011162 	 0.068003 	 0.000000
1199 	 1.180608 	 4.609800 	 16.066300 	 4.567300 	 0.713100 	 -30.082600 	 0.019386 	 0.190040 	 0.014590 	 0.092310 	 0.033630
1201 	 0.977168 	 87.423300 	 11.810700 	 5.858600 	 0.874500 	 56.275500 	 0.019936 	 0.107441 	 0.005902 	 0.525265 	 0.161496
1202 	 1.003382 	 27.318900 	 14.670700 	 6.298200 	 0.847700 	 -20.113500 	 0.012231 	 0.189340 	 -0.008230 	 0.083955 	 0.045864
1203 	 0.989558 	 81.945200 	 14.639800 	 9.044700 	 0.827400 	 -19.411800 	 0.017632 	 0.109131 	 0.003771 	 0.432380 	 0.032272
1204 	 1.001879 	 29.216700 	 14.292500 	 4.566900 	 0.681100 	 -12.017100 	 0.034223 	 0.308038 	 0.008612 	 0.087382 	 0.006757
1206 	 1.030323 	 10.318800 	 16.187500 	 5.586300 	 0.887200 	 -10.694800 	 0.021672 	 0.289573 	 0.004289 	 0.060847 	 0.000000
1208 	 1.144923 	 11.019100 	 15.749300 	 5.935400 	 0.934800 	 64.251100 	 0.023502 	 0.065628 	 0.010351 	 0.394973 	 0.034171
1211 	 0.989379 	 71.221400 	 14.599800 	 7.077200 	 0.814700 	 63.653800 	 0.018094 	 0.270474 	 -0.003408 	 0.123706 	 0.012739
1212 	 1.006675 	 80.600700 	 14.030000 	 6.281500 	 0.831900 	 29.936700 	 0.032264 	 0.283852 	 0.001678 	 0.064768 	 0.009294
1216 	 0.987423 	 250.454300 	 13.812100 	 10.949500 	 0.767000 	 -3.826600 	 0.033547 	 0.296781 	 -0.013608 	 0.088362 	 0.096064
1220 	 1.749149 	 7.634200 	 15.639600 	 2.871200 	 0.707200 	 -52.292500 	 0.094863 	 0.294086 	 0.046344 	 0.179911 	 0.000000
1221 	 0.972729 	 33.360200 	 14.629500 	 4.482700 	 0.796600 	 27.151000 	 0.005668 	 0.191194 	 0.001859 	 0.089466 	 0.020777
1223 	 1.066353 	 16.880800 	 15.044300 	 5.645600 	 0.807300 	 -22.982600 	 0.016282 	 0.216305 	 0.009493 	 0.050447 	 0.031625
1228 	 1.043196 	 27.538000 	 14.643900 	 7.172700 	 0.964100 	 -84.938600 	 0.020539 	 0.097165 	 0.007178 	 0.191197 	 0.022343
1230 	 1.052341 	 36.852400 	 14.856600 	 6.917000 	 0.666400 	 11.234700 	 0.025499 	 0.216135 	 0.027659 	 0.044474 	 0.002011
1231 	 0.992266 	 27.333400 	 15.138500 	 5.087800 	 0.924800 	 81.179900 	 0.008745 	 0.266263 	 -0.002457 	 0.086181 	 0.003066
1233 	 0.985058 	 31.389800 	 13.908900 	 3.745200 	 0.741900 	 -53.820200 	 0.010437 	 0.228738 	 0.007690 	 0.028442 	 0.001777
1239 	 1.010172 	 14.817700 	 15.290200 	 3.299400 	 0.644900 	 54.079300 	 0.024295 	 0.156953 	 0.003036 	 0.078533 	 0.020564
1241 	 1.050643 	 20.079600 	 14.681400 	 5.912900 	 0.805300 	 -52.648000 	 0.011269 	 0.159775 	 -0.000902 	 0.047944 	 0.039337
1243 	 1.047759 	 35.251900 	 13.819300 	 6.938600 	 0.745200 	 -10.765700 	 0.016693 	 0.204283 	 0.005466 	 0.025084 	 0.019780
1255 	 1.017197 	 26.617900 	 15.508200 	 7.351100 	 0.986800 	 48.130700 	 0.019287 	 0.330292 	 0.014367 	 0.110768 	 0.093002
1259 	 1.022883 	 35.029600 	 13.496600 	 4.946700 	 0.670100 	 54.350600 	 0.024753 	 0.190608 	 0.006680 	 0.046717 	 0.006738
1261 	 0.990401 	 31.403800 	 15.391800 	 6.445500 	 0.796900 	 29.569900 	 0.017274 	 0.334082 	 -0.000417 	 0.077698 	 0.012533
1264 	 0.998256 	 22.577800 	 15.433900 	 6.539700 	 0.674800 	 32.725900 	 0.010208 	 0.222496 	 0.001902 	 0.028607 	 0.000000
1266 	 1.019563 	 16.088600 	 14.854200 	 5.845800 	 0.814700 	 59.013500 	 0.014027 	 0.181433 	 -0.002128 	 0.065055 	 0.000000
1267 	 0.970864 	 83.210200 	 14.097600 	 6.712200 	 0.854100 	 -13.144000 	 0.014318 	 0.283582 	 -0.002429 	 0.015810 	 0.025278
1269 	 1.070272 	 19.693700 	 14.258100 	 6.340300 	 0.952500 	 -72.610800 	 0.021557 	 0.174558 	 0.008756 	 0.068456 	 0.013670
1274 	 0.994581 	 23.709800 	 14.764600 	 6.101300 	 0.851200 	 6.217300 	 0.014744 	 0.266527 	 0.003097 	 0.033295 	 0.043143
1275 	 1.055903 	 24.446200 	 14.527400 	 5.560100 	 0.830600 	 52.745800 	 0.027766 	 0.180929 	 0.006796 	 0.233415 	 0.018917
1276 	 1.065045 	 17.222900 	 15.049400 	 5.532100 	 0.819000 	 -27.964800 	 0.016383 	 0.255433 	 0.008280 	 0.073717 	 0.048883
1277 	 1.075271 	 29.052900 	 13.390700 	 4.090800 	 0.710300 	 -18.638700 	 0.031584 	 0.195065 	 0.001175 	 0.036689 	 0.002101
1280 	 0.985994 	 39.341100 	 15.395300 	 10.342500 	 0.755700 	 61.649600 	 0.011290 	 0.312114 	 0.011411 	 0.085368 	 0.009946
1283 	 1.013615 	 229.603800 	 13.372300 	 8.169700 	 0.714900 	 -66.506900 	 0.030833 	 0.137345 	 -0.000909 	 0.254270 	 0.048256
1285 	 1.009351 	 20.688900 	 14.773600 	 4.413900 	 0.913100 	 -83.089700 	 0.017613 	 0.209594 	 -0.001584 	 0.049893 	 0.000000
1289 	 1.035593 	 18.300000 	 15.192100 	 8.174300 	 0.760200 	 65.569100 	 0.012107 	 0.158458 	 0.002343 	 0.040798 	 0.000000
1297 	 1.055552 	 15.459800 	 14.258900 	 4.816800 	 0.941000 	 85.434100 	 0.017316 	 0.235498 	 0.000523 	 0.023703 	 0.000000
1300 	 1.070745 	 28.338200 	 14.883200 	 5.574800 	 0.911900 	 75.578800 	 0.039756 	 0.294743 	 0.026706 	 0.170187 	 0.025682
1312 	 1.379499 	 12.202000 	 14.555500 	 2.288400 	 0.898900 	 -44.279300 	 0.036350 	 0.131480 	 0.011343 	 0.034063 	 0.000000
1313 	 0.987591 	 21.879600 	 15.515000 	 3.790900 	 0.657000 	 -63.922800 	 0.012936 	 0.256155 	 -0.001274 	 0.026682 	 0.000000
1315 	 1.099669 	 62.827300 	 14.320000 	 9.638400 	 0.764900 	 -6.116600 	 0.032547 	 0.265051 	 0.016585 	 0.052494 	 0.037767
1316 	 1.025033 	 17.592900 	 15.730200 	 4.037200 	 0.606000 	 -46.570400 	 0.020599 	 0.252443 	 0.014805 	 0.124390 	 0.004571
1325 	 1.025575 	 17.381700 	 15.330500 	 4.116000 	 0.655600 	 -72.900000 	 0.024573 	 0.170802 	 0.004553 	 0.081964 	 0.018650
1327 	 1.087165 	 27.100900 	 14.698500 	 9.804500 	 0.734400 	 -37.312000 	 0.015329 	 0.286201 	 0.007570 	 0.074637 	 0.039088
1332 	 1.043119 	 9.788300 	 15.381600 	 3.757200 	 0.596300 	 50.159300 	 0.011480 	 0.168283 	 0.003073 	 0.019790 	 0.021421
1341 	 0.969721 	 79.045700 	 14.090100 	 8.187200 	 0.806900 	 37.033300 	 0.013240 	 0.273974 	 0.005982 	 0.055702 	 0.017900
1344 	 1.194946 	 6.704900 	 15.845900 	 4.236700 	 0.589100 	 -4.737200 	 0.028606 	 0.192973 	 -0.001019 	 0.044203 	 0.000000
1351 	 0.994825 	 170.337400 	 13.635800 	 9.844400 	 0.667000 	 31.726700 	 0.024102 	 0.221522 	 -0.000564 	 0.054702 	 0.030971
1355 	 0.996197 	 78.921100 	 13.197200 	 4.194900 	 0.819400 	 87.750600 	 0.023716 	 0.160551 	 -0.010062 	 0.057632 	 0.014960
1356 	 1.088457 	 172.193300 	 12.033400 	 5.402100 	 0.773000 	 60.826800 	 0.039298 	 0.095964 	 -0.003623 	 0.024889 	 0.017408
1357 	 0.983444 	 83.859000 	 14.046000 	 6.662600 	 0.630500 	 -43.141300 	 0.028858 	 0.212650 	 0.001047 	 0.095642 	 0.059918
1364 	 1.116511 	 11.920300 	 14.781100 	 5.676800 	 0.804600 	 -85.015500 	 0.021968 	 0.224445 	 0.014209 	 0.077718 	 0.007481
1366 	 0.983204 	 87.394100 	 14.497200 	 8.708200 	 0.891500 	 32.171700 	 0.016575 	 0.231269 	 0.003848 	 0.205151 	 0.033234
1368 	 0.979632 	 95.309400 	 13.111400 	 6.263600 	 0.934100 	 -14.664300 	 0.018044 	 0.220338 	 -0.002030 	 0.043941 	 0.012319
1372 	 0.982576 	 103.809800 	 14.339900 	 6.127900 	 0.632800 	 80.490600 	 0.015785 	 0.309126 	 -0.006074 	 0.021762 	 0.010653
1384 	 1.028445 	 21.525000 	 14.571700 	 6.352100 	 0.880900 	 -31.009600 	 0.018711 	 0.208840 	 0.005550 	 0.058381 	 0.013510
1389 	 0.998718 	 21.947800 	 15.536400 	 6.168600 	 0.873800 	 1.703600 	 0.009793 	 0.213429 	 -0.001259 	 0.059482 	 0.000000
1401 	 0.991881 	 58.219600 	 14.474200 	 5.366400 	 0.608200 	 -21.786200 	 0.023344 	 0.251468 	 0.004390 	 0.006030 	 0.055344
1404 	 1.002220 	 36.524700 	 15.407100 	 9.997500 	 0.724100 	 41.006400 	 0.008842 	 0.281813 	 0.013917 	 0.080941 	 0.000000
1412 	 0.983722 	 138.859700 	 14.559100 	 11.094500 	 0.959500 	 -20.600200 	 0.015571 	 0.391729 	 0.009570 	 0.044046 	 0.024467
1415 	 1.041878 	 16.281200 	 14.417500 	 4.251700 	 0.865700 	 9.710700 	 0.011944 	 0.158876 	 0.009346 	 0.034974 	 0.000000
1416 	 1.004798 	 81.157100 	 12.718000 	 6.576600 	 0.658200 	 57.329100 	 0.013568 	 0.129031 	 -0.004411 	 0.068952 	 0.002226
1417 	 1.125767 	 12.234400 	 16.460000 	 5.444900 	 0.775100 	 -28.564600 	 0.039843 	 0.217728 	 0.016031 	 0.074606 	 0.000000
1418 	 0.969860 	 62.563200 	 12.749900 	 5.270600 	 0.800700 	 71.545800 	 0.017992 	 0.174534 	 0.000606 	 0.021136 	 0.006456
1429 	 1.010102 	 91.118000 	 12.865200 	 7.266200 	 0.708100 	 15.872500 	 0.034806 	 0.185245 	 -0.002436 	 0.036225 	 0.020622
1431 	 0.980460 	 49.419200 	 14.597700 	 6.203100 	 0.724400 	 77.486200 	 0.017696 	 0.312330 	 0.003032 	 0.044695 	 0.048944
1433 	 1.018252 	 51.978400 	 14.645400 	 8.570100 	 0.863500 	 24.394000 	 0.019803 	 0.282863 	 0.013830 	 0.089849 	 0.016124
1449 	 0.989715 	 80.555000 	 12.596100 	 5.071000 	 0.722900 	 10.867500 	 0.025550 	 0.181059 	 -0.004018 	 0.079717 	 0.020749
1456 	 0.980906 	 38.665500 	 15.400800 	 6.753300 	 0.836700 	 -39.624400 	 0.010057 	 0.301194 	 0.002958 	 0.043968 	 0.077007
1457 	 1.025093 	 55.754900 	 14.133000 	 8.679600 	 0.971600 	 75.364000 	 0.021963 	 0.202971 	 0.008068 	 0.143219 	 0.015317
1460 	 1.007810 	 11.624400 	 15.654600 	 5.000100 	 0.705500 	 -7.588500 	 0.012795 	 0.240162 	 0.009161 	 0.121719 	 0.062531
1465 	 1.000244 	 55.429300 	 14.095700 	 8.042400 	 0.873200 	 -60.768900 	 0.012542 	 0.206099 	 -0.005607 	 0.051393 	 0.008264
1470 	 1.038622 	 22.085900 	 14.821000 	 6.694600 	 0.800000 	 -79.749300 	 0.020048 	 0.094136 	 0.002888 	 0.207085 	 0.030268
1471 	 0.984320 	 26.273700 	 14.937600 	 4.676700 	 0.788100 	 -15.227500 	 0.016047 	 0.241534 	 0.004038 	 0.032740 	 0.009892
1480 	 1.298073 	 69.902300 	 14.265700 	 9.193500 	 0.853900 	 -85.081600 	 0.034238 	 0.091712 	 0.036650 	 0.405985 	 0.021472
1482 	 0.972798 	 555.134500 	 12.585500 	 11.127700 	 0.736300 	 -61.054500 	 0.012054 	 0.229072 	 0.004782 	 0.040149 	 0.005427
2000 	 1.063065 	 251.180900 	 13.347200 	 10.439100 	 0.629600 	 -80.214200 	 0.033868 	 0.100117 	 0.015117 	 0.232916 	 0.072360
2001 	 1.078099 	 365.532700 	 11.830500 	 6.498500 	 0.705700 	 -11.788800 	 0.047807 	 0.070223 	 0.004250 	 0.133555 	 0.194527
2002 	 1.029440 	 115.813400 	 13.162100 	 7.402800 	 0.901000 	 -14.130600 	 0.035103 	 0.156896 	 -0.005222 	 0.179713 	 0.034004
2005 	 1.061541 	 39.411800 	 13.580000 	 2.622100 	 0.890300 	 80.232300 	 0.049109 	 0.269148 	 0.021941 	 0.119521 	 0.037133
2007 	 0.985249 	 21.689700 	 14.866100 	 3.973300 	 0.834800 	 -31.009600 	 0.017121 	 0.203291 	 -0.014770 	 0.080916 	 0.013976
2009 	 1.034265 	 27.155100 	 13.583900 	 4.001600 	 0.819800 	 42.814200 	 0.038319 	 0.230606 	 -0.008186 	 0.077677 	 0.017712
2010 	 0.982294 	 259.656100 	 13.088600 	 9.984100 	 0.633400 	 23.638600 	 0.022867 	 0.233278 	 -0.001349 	 0.047671 	 0.015661
2013 	 0.958511 	 47.393000 	 13.133900 	 1.265100 	 0.756100 	 56.767900 	 0.012733 	 0.093676 	 0.004941 	 0.244134 	 0.021033
2015 	 0.985676 	 64.257100 	 13.661800 	 4.771200 	 0.855500 	 -50.808300 	 0.023475 	 0.254889 	 0.011891 	 0.041352 	 0.014533
2016 	 0.978492 	 52.443200 	 13.105800 	 4.598600 	 0.902700 	 65.738800 	 0.016608 	 0.196067 	 0.000625 	 0.052116 	 0.015071
2017 	 1.002090 	 28.485100 	 15.020300 	 4.066500 	 0.799100 	 -16.589300 	 0.022586 	 0.229300 	 -0.002169 	 0.068183 	 0.000000
2018 	 0.962997 	 64.907000 	 12.991100 	 4.566500 	 0.837400 	 82.610300 	 0.014409 	 0.207928 	 -0.008026 	 0.077304 	 0.003245
2019 	 0.990036 	 56.872300 	 14.469500 	 7.486700 	 0.877800 	 15.872800 	 0.010731 	 0.198586 	 -0.009905 	 0.050902 	 0.000000
2020 	 1.052901 	 1153.397700 	 12.089200 	 12.453700 	 0.757900 	 61.966600 	 0.094410 	 0.510047 	 0.060667 	 0.455482 	 0.054023
2024 	 1.137185 	 16.958500 	 14.505900 	 3.701200 	 0.672400 	 -33.241100 	 0.033907 	 0.131704 	 0.007260 	 0.297164 	 0.015746
2026 	 0.932904 	 126.639000 	 12.270700 	 4.401600 	 0.814400 	 -53.466200 	 0.017917 	 0.154535 	 -0.003834 	 0.060099 	 0.022977
2028 	 1.076898 	 14.000800 	 15.049700 	 4.598400 	 0.944700 	 60.977200 	 0.024768 	 0.338820 	 0.024381 	 0.145769 	 0.008491
2029 	 1.097342 	 257.281500 	 13.251300 	 9.998000 	 0.750400 	 -83.484300 	 0.109307 	 0.523760 	 0.110545 	 0.394482 	 0.035147
2030 	 1.228990 	 74.023000 	 12.718800 	 4.157700 	 0.825300 	 55.229100 	 0.136552 	 0.263102 	 0.037421 	 0.660968 	 0.099812
2031 	 1.066674 	 41.059500 	 13.213000 	 4.273100 	 0.823800 	 -23.078900 	 0.052513 	 0.210821 	 -0.010196 	 0.023663 	 0.036576
2032 	 0.984700 	 31.717200 	 14.029200 	 3.532500 	 0.893600 	 13.737900 	 0.013399 	 0.224999 	 0.008471 	 0.064904 	 0.007384
2034 	 1.022617 	 20.832100 	 14.080100 	 4.223000 	 0.885300 	 -23.502300 	 0.020354 	 0.245758 	 0.007872 	 0.043471 	 0.000819
2035 	 1.048282 	 43.456700 	 13.981400 	 8.313700 	 0.844500 	 25.427100 	 0.021954 	 0.184631 	 0.000985 	 0.012209 	 0.009404
2039 	 0.983933 	 49.153300 	 13.599300 	 5.335900 	 0.900300 	 -31.391500 	 0.013449 	 0.200725 	 0.002736 	 0.055232 	 0.008997
2040 	 1.038688 	 43.399000 	 13.092000 	 4.594200 	 0.744900 	 -71.779100 	 0.021542 	 0.118878 	 0.001020 	 0.101427 	 0.025361
2042 	 1.022949 	 20.816700 	 14.654000 	 4.707800 	 0.635600 	 -24.270200 	 0.023810 	 0.258876 	 0.010863 	 0.034942 	 0.004430
2043 	 0.989355 	 38.683300 	 15.394700 	 4.366300 	 0.712100 	 26.884300 	 0.019251 	 0.391222 	 0.008825 	 0.242597 	 0.011973
2047 	 0.979959 	 40.520300 	 13.266300 	 2.972700 	 0.784100 	 64.785400 	 0.016496 	 0.218698 	 0.002907 	 0.092113 	 0.014089
2049 	 0.971264 	 135.771800 	 13.368800 	 5.596000 	 0.715500 	 -44.467400 	 0.014771 	 0.196640 	 0.003772 	 0.097868 	 0.055898
2050 	 0.986186 	 1234.717500 	 11.969900 	 11.177600 	 0.906700 	 24.602900 	 0.041848 	 0.118489 	 0.016546 	 0.273460 	 0.029552
2052 	 0.977620 	 97.209300 	 13.686500 	 5.189600 	 0.553100 	 -58.458700 	 0.015450 	 0.225803 	 0.008979 	 0.064292 	 0.018058
2055 	 1.015997 	 17.125700 	 15.525300 	 4.700300 	 0.649100 	 44.147100 	 0.020702 	 0.185633 	 0.003403 	 0.097459 	 0.000000
2057 	 0.982339 	 55.426500 	 14.255900 	 6.778800 	 0.739700 	 -77.425600 	 0.014772 	 0.233038 	 0.000070 	 0.038108 	 0.042590
2058 	 0.993041 	 43.036500 	 14.954600 	 8.461800 	 0.744600 	 -20.520400 	 0.024168 	 0.328397 	 0.002164 	 0.045083 	 0.018194
2061 	 1.020263 	 15.837400 	 14.629300 	 3.593400 	 0.763700 	 -49.158900 	 0.019836 	 0.172349 	 -0.011005 	 0.035183 	 0.000000
2062 	 0.985015 	 38.882600 	 15.300700 	 7.602900 	 0.881900 	 -22.788300 	 0.012924 	 0.329643 	 0.010212 	 0.169765 	 0.066312
2064 	 0.977009 	 496.942000 	 13.198600 	 11.814500 	 0.831800 	 18.552300 	 0.020006 	 0.247279 	 -0.005673 	 0.035415 	 0.000000
2069 	 2.273630 	 20.390100 	 13.960100 	 4.816300 	 0.791800 	 -46.524100 	 0.077187 	 0.037661 	 0.034719 	 0.537086 	 0.222977
2070 	 0.968413 	 32.041500 	 14.730000 	 6.075600 	 0.785500 	 -60.102100 	 0.010614 	 0.185823 	 -0.003752 	 0.083646 	 0.018603
2071 	 1.053945 	 19.953300 	 14.947600 	 3.515800 	 0.760300 	 -14.982900 	 0.034366 	 0.226275 	 0.008838 	 0.071161 	 0.001429
2072 	 1.007613 	 27.502600 	 14.016000 	 4.977900 	 0.737700 	 18.688400 	 0.024327 	 0.233790 	 0.008172 	 0.016140 	 0.018308
2073 	 0.993643 	 208.297700 	 12.416300 	 7.914400 	 0.621900 	 11.175100 	 0.028296 	 0.213642 	 0.001438 	 0.112472 	 0.010831
2074 	 0.990068 	 50.017300 	 14.971600 	 9.715600 	 0.777700 	 89.265000 	 0.018509 	 0.303149 	 -0.001690 	 0.039338 	 0.013327
2075 	 1.047480 	 31.172500 	 14.988600 	 3.891700 	 0.635500 	 -74.892500 	 0.040062 	 0.217118 	 -0.002912 	 0.044827 	 0.009892
2078 	 1.005850 	 101.787700 	 13.868800 	 9.133400 	 0.830100 	 89.834700 	 0.044157 	 0.271369 	 -0.002506 	 0.149671 	 0.048041
2079 	 1.021566 	 25.752600 	 13.818600 	 3.723700 	 0.774600 	 43.594400 	 0.014997 	 0.260200 	 0.005364 	 0.045360 	 0.008549
2080 	 1.006721 	 117.249400 	 14.515700 	 11.648200 	 0.902700 	 -31.099900 	 0.024318 	 0.122389 	 0.002227 	 0.238363 	 0.062602
2081 	 1.029512 	 10.344200 	 15.079600 	 4.175600 	 0.986200 	 -28.905500 	 0.018715 	 0.260604 	 -0.002692 	 0.080194 	 0.020692
2082 	 0.997502 	 27.503800 	 14.199100 	 5.988600 	 0.981300 	 2.198400 	 0.051549 	 0.398932 	 0.024276 	 1.039523 	 0.438750
2083 	 0.993748 	 25.042100 	 15.333700 	 7.466700 	 0.930100 	 -57.197600 	 0.012435 	 0.245970 	 0.007056 	 0.072608 	 0.002194
2084 	 0.991858 	 26.106800 	 14.705100 	 3.776000 	 0.669700 	 -39.456600 	 0.020417 	 0.243456 	 -0.005396 	 0.085709 	 0.017006
2085 	 1.070012 	 8.823800 	 15.750800 	 3.354500 	 0.755000 	 66.122100 	 0.024393 	 0.173338 	 0.011721 	 0.020512 	 0.000000
2086 	 0.976857 	 51.505500 	 14.541500 	 7.615600 	 0.791600 	 37.690100 	 0.012428 	 0.055819 	 0.005364 	 0.313828 	 0.142371
2093 	 1.048437 	 21.710800 	 14.673600 	 4.478400 	 0.678100 	 16.532800 	 0.026624 	 0.159527 	 0.003678 	 0.255171 	 0.056509
2097 	 1.085634 	 66.125300 	 14.230500 	 9.481300 	 0.699100 	 48.573600 	 0.046011 	 0.181066 	 0.029607 	 0.112665 	 0.020699
2099 	 1.015225 	 9.046900 	 16.097600 	 4.870900 	 0.676200 	 -27.759700 	 0.014982 	 0.229007 	 -0.002764 	 0.102035 	 0.000000
2102 	 0.986280 	 9.835100 	 16.402600 	 4.733900 	 0.691700 	 58.496500 	 0.006781 	 0.226889 	 0.000846 	 0.075807 	 0.000000
2106 	 0.992158 	 36.086400 	 14.204800 	 4.630700 	 0.611900 	 -62.668300 	 0.016395 	 0.257461 	 0.002892 	 0.056399 	 0.002586
2111 	 0.978736 	 49.022300 	 14.939400 	 5.602600 	 0.694800 	 65.182500 	 0.014979 	 0.267830 	 0.001792 	 0.040392 	 0.012302
2112 	 0.979658 	 53.755100 	 14.297800 	 4.634000 	 0.818500 	 -32.668300 	 0.011811 	 0.170222 	 -0.003485 	 0.019276 	 0.031321
2117 	 0.998331 	 139.079400 	 13.772500 	 11.094000 	 0.734700 	 -15.906700 	 0.015506 	 0.279923 	 -0.002904 	 0.028352 	 0.000000
2119 	 1.028348 	 10.000400 	 15.590600 	 3.493600 	 0.769800 	 -37.851100 	 0.018984 	 0.173521 	 0.007721 	 0.089558 	 0.000000
2120 	 0.993271 	 54.013100 	 13.284500 	 6.651400 	 0.832700 	 75.912600 	 0.025695 	 0.255084 	 0.007578 	 0.085452 	 0.030171
2121 	 0.991386 	 14.393400 	 15.677700 	 4.776000 	 0.692500 	 -13.924000 	 0.013564 	 0.238030 	 -0.002372 	 0.056000 	 0.000000
2122 	 1.018626 	 11.983200 	 16.438200 	 3.683100 	 0.403200 	 57.215100 	 0.033377 	 0.275374 	 0.018496 	 0.031058 	 0.000000
2126 	 0.977372 	 37.443900 	 14.762900 	 7.853300 	 0.717400 	 -84.626900 	 0.011441 	 0.233250 	 0.003102 	 0.170958 	 0.044807
2127 	 1.058241 	 1414.754900 	 12.441700 	 11.537400 	 0.703100 	 -75.839700 	 0.063997 	 0.189159 	 -0.011804 	 0.112088 	 0.034216
2139 	 1.047114 	 12.130500 	 15.621200 	 1.878500 	 0.946200 	 -41.301000 	 0.033383 	 0.177063 	 0.006721 	 0.086196 	 0.004257
2141 	 1.000139 	 41.043500 	 13.889900 	 5.568100 	 0.727200 	 38.989900 	 0.018968 	 0.183584 	 -0.005562 	 0.049347 	 0.019463
2144 	 0.976671 	 24.314900 	 14.805700 	 3.593100 	 0.752600 	 47.272600 	 0.008342 	 0.231407 	 0.003279 	 0.029852 	 0.007198
2149 	 0.983444 	 58.824600 	 14.190900 	 7.881900 	 0.874900 	 -64.544300 	 0.011803 	 0.257204 	 0.001766 	 0.032369 	 0.000000
2150 	 1.023887 	 46.406600 	 13.567200 	 6.705700 	 0.878800 	 13.917600 	 0.015247 	 0.176093 	 0.001749 	 0.031533 	 0.000000
2156 	 1.007659 	 25.209000 	 14.317700 	 5.090500 	 0.717900 	 -25.050100 	 0.010214 	 0.186521 	 -0.000827 	 0.039661 	 0.017499
2159 	 1.020400 	 18.474400 	 14.834700 	 5.888100 	 0.931500 	 -18.255400 	 0.012578 	 0.157526 	 0.003052 	 0.064231 	 0.007338
2163 	 1.041935 	 33.101600 	 13.974800 	 6.013800 	 0.695400 	 49.752700 	 0.019549 	 0.190110 	 0.007342 	 0.060093 	 0.000000
2164 	 1.098847 	 14.928700 	 15.513900 	 4.306100 	 0.908500 	 35.903900 	 0.027982 	 0.243319 	 0.010030 	 0.048069 	 0.000000
2167 	 1.237328 	 22.424900 	 13.279100 	 4.672300 	 0.705900 	 42.795700 	 0.025041 	 0.181790 	 0.003298 	 0.028702 	 0.003860
2169 	 1.015250 	 49.547500 	 13.532900 	 4.630200 	 0.805600 	 -50.792700 	 0.021442 	 0.153431 	 0.006082 	 0.083408 	 0.056019
2173 	 0.989001 	 39.205400 	 13.686400 	 4.264200 	 0.677500 	 -16.350600 	 0.014800 	 0.198550 	 0.002688 	 0.043427 	 0.010821
2176 	 1.040500 	 27.419100 	 15.062900 	 5.290200 	 0.603800 	 50.952700 	 0.033154 	 0.095571 	 0.029655 	 0.607734 	 0.041356
2179 	 1.323842 	 10.210300 	 14.976900 	 4.620400 	 0.512400 	 44.525800 	 0.030880 	 0.222530 	 0.004998 	 0.065605 	 0.000000
2181 	 1.020584 	 9.628000 	 16.115400 	 4.721100 	 0.722600 	 -49.353700 	 0.021214 	 0.186149 	 0.009478 	 0.037974 	 0.089603
2184 	 2.297986 	 267.362600 	 13.651200 	 10.751900 	 0.712400 	 14.794200 	 0.294694 	 0.994129 	 0.266267 	 0.627956 	 0.004011
2192 	 0.980670 	 462.931700 	 14.064200 	 13.995100 	 0.646900 	 44.984500 	 0.033725 	 0.349122 	 0.016322 	 0.112841 	 0.000000
2193 	 1.022302 	 5.362900 	 16.587300 	 4.281000 	 0.876000 	 -20.173000 	 0.014324 	 0.118566 	 0.011194 	 0.156033 	 0.030981
2196 	 0.978938 	 23.667200 	 15.373400 	 7.637500 	 0.748400 	 -59.483900 	 0.004326 	 0.316940 	 0.009750 	 0.071445 	 0.003741
2203 	 1.025840 	 53.887100 	 14.215300 	 9.305600 	 0.778500 	 -16.431800 	 0.022782 	 0.265100 	 0.004487 	 0.099512 	 0.017986
2211 	 1.074841 	 46.681900 	 12.899100 	 4.972500 	 0.724600 	 17.636000 	 0.030547 	 0.096594 	 0.004372 	 0.110426 	 0.031194
2214 	 1.042089 	 9.737500 	 15.814800 	 4.203100 	 0.728400 	 47.562500 	 0.019592 	 0.219563 	 0.013189 	 0.086652 	 0.000000
2215 	 1.191095 	 18.446600 	 14.327700 	 5.438200 	 0.724400 	 18.935900 	 0.026406 	 0.198538 	 0.002781 	 0.023401 	 0.012409
2216 	 1.015719 	 10.904200 	 15.559400 	 4.881900 	 0.825600 	 80.754500 	 0.024250 	 0.225212 	 0.005013 	 0.109420 	 0.051788
2217 	 1.152406 	 1181.182700 	 12.891900 	 13.846800 	 0.812900 	 63.948100 	 0.072185 	 0.070526 	 0.011139 	 0.318694 	 0.072056
3000 	 1.058089 	 31.407100 	 14.825000 	 5.440000 	 0.821100 	 63.644900 	 0.034067 	 0.118887 	 0.020488 	 0.164085 	 0.040532
3001 	 1.029053 	 13.018000 	 14.889100 	 4.761500 	 0.918000 	 -12.272500 	 0.025865 	 0.303851 	 -0.003543 	 0.050288 	 0.000969
3002 	 0.992525 	 40.896600 	 13.837600 	 5.514300 	 0.912800 	 87.771700 	 0.017887 	 0.202177 	 0.005441 	 0.114891 	 0.035314
3003 	 0.982051 	 280.523100 	 13.374200 	 12.570900 	 0.768100 	 84.455700 	 0.044427 	 0.444051 	 0.000976 	 0.061061 	 0.002975
3004 	 0.993650 	 96.294600 	 13.406700 	 5.091700 	 0.834400 	 -21.938600 	 0.032461 	 0.269857 	 0.008903 	 0.415736 	 0.049165
3005 	 0.987226 	 88.704300 	 13.946400 	 4.650900 	 0.716100 	 6.436200 	 0.038172 	 0.096315 	 -0.005652 	 0.579803 	 0.017503
3007 	 1.052529 	 13.114600 	 14.666600 	 3.838300 	 0.883200 	 -75.725000 	 0.014621 	 0.211812 	 -0.001298 	 0.073093 	 0.001604
3008 	 0.997602 	 24.027300 	 15.038800 	 6.788100 	 0.954100 	 48.058000 	 0.012354 	 0.258059 	 -0.000971 	 0.032365 	 0.045833
3009 	 1.520325 	 15.339700 	 15.115000 	 5.311900 	 0.731000 	 68.255300 	 0.056408 	 0.037801 	 0.062442 	 1.066565 	 0.088404
3011 	 0.977865 	 129.832500 	 14.174600 	 5.861800 	 0.751600 	 17.759800 	 0.017297 	 0.278684 	 -0.014360 	 0.077683 	 0.012397
3012 	 1.316787 	 52.565200 	 13.922800 	 3.207600 	 0.754000 	 29.234300 	 0.090802 	 0.125634 	 0.094661 	 0.219286 	 0.131281
3013 	 1.008621 	 17.845800 	 14.895400 	 4.795200 	 0.927000 	 -89.254100 	 0.012671 	 0.227700 	 -0.000951 	 0.032769 	 0.000000
3014 	 0.994089 	 29.168700 	 14.808900 	 5.937800 	 0.948000 	 66.382600 	 0.035285 	 0.404644 	 0.011934 	 0.048925 	 0.003420
3016 	 1.067362 	 80.931800 	 12.661400 	 4.767600 	 0.748100 	 -24.130000 	 0.042781 	 0.104485 	 0.001035 	 0.033979 	 0.088406
3017 	 1.033700 	 1715.419800 	 13.345000 	 17.822400 	 0.710800 	 -49.502200 	 0.065759 	 0.180339 	 0.013248 	 0.316943 	 0.026663
3018 	 0.973488 	 61.714600 	 13.430900 	 6.625100 	 0.745500 	 -21.601200 	 0.018539 	 0.201133 	 -0.000856 	 0.098569 	 0.020082
3019 	 1.070724 	 15.786200 	 14.592000 	 5.281000 	 0.947600 	 44.942700 	 0.023653 	 0.167979 	 0.001786 	 0.075427 	 0.007358
3020 	 1.028702 	 450.796300 	 12.735100 	 11.124300 	 0.858700 	 60.723900 	 0.030128 	 0.236415 	 0.002286 	 0.129706 	 0.011306
3023 	 1.033920 	 154.042900 	 13.735800 	 9.091500 	 0.991300 	 -57.985800 	 0.040319 	 0.227120 	 0.019044 	 0.068914 	 0.017004
3025 	 1.139587 	 35.421700 	 12.853800 	 3.712200 	 0.768100 	 6.063000 	 0.046324 	 0.195250 	 -0.012307 	 0.092690 	 0.005084
3027 	 0.920015 	 41.760100 	 13.631900 	 2.675100 	 0.676300 	 -32.400600 	 0.012031 	 0.130541 	 -0.011078 	 0.194987 	 0.009573
3028 	 1.062299 	 386.090300 	 12.387700 	 8.727200 	 0.914700 	 53.857700 	 0.061202 	 0.260281 	 0.036034 	 0.131544 	 0.012759
3029 	 1.010023 	 124.385000 	 13.185300 	 6.833500 	 0.750000 	 -42.099900 	 0.029996 	 0.161705 	 0.016709 	 0.061016 	 0.022009
3030 	 1.064328 	 340.448800 	 13.058400 	 14.820200 	 0.834500 	 -17.807800 	 0.015621 	 0.181704 	 0.001471 	 0.075370 	 0.004260
3031 	 1.022091 	 60.785000 	 12.114400 	 1.983100 	 0.746100 	 72.728400 	 0.034613 	 0.030601 	 0.021989 	 0.203616 	 0.143466
3032 	 1.001781 	 24.181700 	 13.632200 	 3.679200 	 0.798900 	 41.722000 	 0.013154 	 0.106307 	 -0.001099 	 0.018925 	 0.019790
3033 	 0.992471 	 283.924800 	 12.700000 	 8.151200 	 0.719100 	 89.297700 	 0.016993 	 0.183928 	 -0.004865 	 0.061655 	 0.010317
3034 	 1.204548 	 44.937700 	 15.010000 	 9.230800 	 0.792200 	 -70.529600 	 0.048066 	 0.083515 	 0.038559 	 0.182455 	 0.040595
3035 	 0.982561 	 97.832100 	 14.789900 	 10.849900 	 0.633600 	 -45.292900 	 0.017103 	 0.180201 	 0.009266 	 0.013622 	 0.030217
3036 	 1.002705 	 47.572700 	 14.581600 	 7.013900 	 0.938700 	 14.673700 	 0.027047 	 0.179900 	 0.008459 	 0.341889 	 0.027148
3038 	 1.005673 	 29.423400 	 14.588000 	 6.467500 	 0.941100 	 22.949900 	 0.014541 	 0.205497 	 0.002888 	 0.014557 	 0.009314
3041 	 1.013132 	 98.021100 	 13.815000 	 8.589700 	 0.831500 	 88.166800 	 0.020631 	 0.132173 	 0.007314 	 0.226347 	 0.032087
3042 	 1.008546 	 34.567300 	 13.979000 	 4.336900 	 0.750900 	 -49.912200 	 0.027319 	 0.247273 	 0.004480 	 0.066383 	 0.006317
3043 	 1.105599 	 26.806200 	 14.164500 	 2.424400 	 0.797500 	 -86.305700 	 0.054080 	 0.270800 	 0.065820 	 0.067843 	 0.011911
3044 	 1.079379 	 21.220200 	 14.086500 	 4.155300 	 0.715000 	 -38.429200 	 0.018863 	 0.177272 	 0.003114 	 0.035739 	 0.016606
3045 	 0.981456 	 93.442100 	 13.541000 	 8.557400 	 0.854900 	 10.754900 	 0.015214 	 0.196962 	 0.000809 	 0.040027 	 0.008960
3046 	 1.121844 	 15.317000 	 15.361000 	 9.206600 	 0.864700 	 -62.099100 	 0.017660 	 0.185580 	 0.010185 	 0.187159 	 0.033524
3048 	 1.103187 	 43.541600 	 14.283900 	 6.517900 	 0.987600 	 57.043200 	 0.028249 	 0.190870 	 0.013203 	 0.074383 	 0.019704
3050 	 1.042122 	 102.107500 	 13.382200 	 6.457500 	 0.649500 	 72.790400 	 0.043071 	 0.253443 	 0.019563 	 0.054634 	 0.033028
3051 	 1.492626 	 89.189600 	 11.686100 	 5.262900 	 0.636700 	 -6.688600 	 0.042208 	 0.099727 	 0.017495 	 0.064538 	 0.009833
3052 	 1.006941 	 27.975300 	 14.460000 	 4.571600 	 0.926300 	 24.758700 	 0.025209 	 0.251561 	 0.007681 	 0.020246 	 0.019649
3054 	 1.008862 	 27.404000 	 14.267300 	 3.769900 	 0.617700 	 36.511000 	 0.029406 	 0.237363 	 -0.009914 	 0.107759 	 0.055769
3055 	 1.009901 	 396.919300 	 13.345400 	 9.923000 	 0.822200 	 44.452600 	 0.044992 	 0.329979 	 0.041116 	 0.190211 	 0.046759
3056 	 1.001322 	 50.192700 	 13.274000 	 5.343300 	 0.769400 	 38.900700 	 0.031945 	 0.256722 	 0.000935 	 0.112629 	 0.014639
3057 	 1.009754 	 35.918500 	 13.950600 	 4.085900 	 0.727100 	 -56.056300 	 0.015475 	 0.164091 	 -0.003712 	 0.051593 	 0.013398
3058 	 1.044848 	 35.482000 	 15.102700 	 10.660400 	 0.700500 	 54.053100 	 0.012204 	 0.175952 	 -0.000877 	 0.094868 	 0.002277
3059 	 1.016736 	 42.673000 	 14.304700 	 4.583200 	 0.843300 	 -74.739600 	 0.025161 	 0.195139 	 -0.001871 	 0.032522 	 0.056020
3062 	 1.029953 	 15.886400 	 15.259900 	 4.535900 	 0.927300 	 -11.717800 	 0.017357 	 0.249362 	 0.001723 	 0.041256 	 0.001182
3065 	 1.118593 	 48.871900 	 14.147600 	 7.576100 	 0.883800 	 72.431800 	 0.036947 	 0.070409 	 0.033324 	 0.370199 	 0.169041
3066 	 1.037615 	 60.721800 	 13.456300 	 6.043400 	 0.794700 	 6.095800 	 0.024635 	 0.221771 	 0.016055 	 0.052343 	 0.013644
3069 	 1.258533 	 20.864600 	 14.339000 	 3.273200 	 0.566700 	 -29.583500 	 0.083930 	 0.313856 	 0.026623 	 0.086601 	 0.000000
3071 	 1.190491 	 125.994500 	 14.565400 	 19.999900 	 0.897700 	 74.147100 	 0.043505 	 0.036194 	 0.024204 	 0.381048 	 0.057595
3073 	 91.649410 	 3.401000 	 16.315900 	 0.046900 	 0.321800 	 -64.106200 	 0.303273 	 0.282072 	 0.170933 	 0.055978 	 0.028613
3074 	 0.988567 	 153.659900 	 13.643900 	 10.909100 	 0.985300 	 -24.782700 	 0.019361 	 0.175990 	 0.010861 	 0.616999 	 0.074869
3075 	 1.065167 	 27.189400 	 14.241900 	 6.452300 	 0.746200 	 -2.198700 	 0.034908 	 0.251302 	 0.000440 	 0.017031 	 0.000000
3078 	 0.996019 	 29.981400 	 14.564300 	 5.647100 	 0.743600 	 46.955600 	 0.016917 	 0.151588 	 0.001330 	 0.029399 	 0.021616
3079 	 1.129571 	 58.627300 	 13.665900 	 6.135200 	 0.868400 	 34.572400 	 0.078192 	 0.207411 	 -0.004516 	 0.087119 	 0.011860
3080 	 0.981640 	 52.344400 	 13.802800 	 5.290300 	 0.760900 	 -18.540500 	 0.016426 	 0.151205 	 0.010033 	 0.195299 	 0.040809
3083 	 1.015463 	 73.906000 	 13.758100 	 9.753600 	 0.886400 	 78.818300 	 0.014926 	 0.226643 	 0.003680 	 0.055235 	 0.000000
3084 	 0.973428 	 96.837100 	 13.859500 	 4.236600 	 0.847800 	 -67.188800 	 0.024822 	 0.277754 	 0.013953 	 0.156481 	 0.026172
3087 	 1.005982 	 16.017800 	 15.440800 	 6.241100 	 0.824000 	 -69.636700 	 0.011707 	 0.219714 	 -0.002552 	 0.084057 	 0.000000
3088 	 1.071305 	 19.260800 	 13.946200 	 2.530800 	 0.898800 	 38.845200 	 0.025222 	 0.189874 	 0.001392 	 0.116368 	 0.013260
3090 	 0.982135 	 100.501900 	 13.846200 	 8.779900 	 0.904700 	 41.422100 	 0.011547 	 0.254917 	 -0.004591 	 0.044721 	 0.017290
3091 	 8.067657 	 3579.242400 	 9.723000 	 10.599700 	 0.878500 	 -20.294500 	 0.426334 	 1.147594 	 0.414113 	 0.613488 	 0.052989
3092 	 0.979210 	 637.867400 	 12.825300 	 10.692800 	 0.800200 	 -74.777600 	 0.011355 	 0.260592 	 -0.002673 	 0.072961 	 0.104390
3093 	 0.994980 	 36.265600 	 14.685700 	 6.839700 	 0.905000 	 -60.812500 	 0.022912 	 0.185665 	 0.002957 	 0.038486 	 0.049757
3094 	 0.997200 	 19.614600 	 14.719200 	 2.886900 	 0.824000 	 -82.416200 	 0.018478 	 0.199566 	 0.004636 	 0.084152 	 0.002528
3096 	 1.005375 	 58.134500 	 13.602100 	 5.674800 	 0.749900 	 -70.663700 	 0.024609 	 0.111940 	 -0.000781 	 0.013566 	 0.044592
3097 	 1.026745 	 2044.649300 	 12.303400 	 12.700600 	 0.786400 	 1.110800 	 0.075296 	 0.059163 	 0.015060 	 1.082498 	 0.099620
3100 	 1.305524 	 397.527300 	 12.244000 	 9.484600 	 0.793700 	 -12.076900 	 0.158208 	 0.494389 	 0.159633 	 0.361796 	 0.050940
3101 	 1.041634 	 118.739400 	 12.910800 	 7.397500 	 0.793000 	 13.037600 	 0.057559 	 0.185956 	 -0.004610 	 0.043715 	 0.017020
3103 	 1.105656 	 11.511400 	 14.847700 	 3.811500 	 0.680000 	 -55.169500 	 0.028208 	 0.321043 	 0.007000 	 0.044102 	 0.003946
3104 	 0.990563 	 21.900400 	 14.955700 	 5.436300 	 0.873000 	 11.249600 	 0.009717 	 0.198249 	 -0.000793 	 0.066280 	 0.033580
3105 	 1.018991 	 28.164300 	 14.053300 	 4.467200 	 0.936900 	 -78.458800 	 0.016713 	 0.183635 	 0.011631 	 0.054840 	 0.013214
3106 	 1.041961 	 1365.630600 	 12.596500 	 15.958100 	 0.920300 	 24.656800 	 0.049605 	 0.185759 	 0.005427 	 0.078602 	 0.031151
3110 	 1.047279 	 14.923700 	 15.814500 	 2.822100 	 0.670400 	 70.521900 	 0.033816 	 0.257834 	 0.014051 	 0.151808 	 0.000000
3113 	 1.017679 	 26.225300 	 14.370400 	 4.404500 	 0.820600 	 -58.263300 	 0.021646 	 0.207075 	 0.006805 	 0.050285 	 0.010000
3114 	 1.083798 	 62.593800 	 14.728900 	 9.768200 	 0.738200 	 -78.112700 	 0.043997 	 0.237690 	 0.026503 	 0.184572 	 0.320896
3115 	 0.945324 	 52.492700 	 12.956200 	 4.715700 	 0.910400 	 84.469600 	 0.015572 	 0.228816 	 -0.005735 	 0.054489 	 0.009158
3117 	 1.369383 	 17.130800 	 13.918400 	 3.845100 	 0.800100 	 76.820000 	 0.044335 	 0.133014 	 0.009878 	 0.124806 	 0.075438
3120 	 1.042181 	 507.860000 	 13.037500 	 11.334400 	 0.877300 	 55.234400 	 0.040641 	 0.122539 	 0.014503 	 0.330202 	 0.024075
3121 	 1.022629 	 15.282600 	 15.058000 	 4.230800 	 0.991500 	 16.101900 	 0.028674 	 0.257153 	 0.008802 	 0.086819 	 0.009179
3122 	 1.309635 	 23.403600 	 14.100000 	 3.698200 	 0.710200 	 59.234600 	 0.054827 	 0.174506 	 0.010622 	 0.155021 	 0.027884
3127 	 0.974713 	 34.954100 	 14.652600 	 6.079000 	 0.737800 	 42.388300 	 0.016729 	 0.301676 	 -0.001649 	 0.169148 	 0.000000
3128 	 1.085088 	 41.080100 	 13.809700 	 5.186100 	 0.756200 	 -52.356600 	 0.032281 	 0.193744 	 0.020237 	 0.088294 	 0.003885
3134 	 1.068087 	 117.317000 	 14.454800 	 10.849300 	 0.860200 	 37.654900 	 0.028138 	 0.031711 	 0.031011 	 0.448097 	 0.485214
3135 	 0.986983 	 45.543100 	 14.081900 	 5.711900 	 0.687000 	 23.971500 	 0.017514 	 0.233338 	 0.010287 	 0.117744 	 0.007391
3138 	 1.026938 	 46.791700 	 13.643500 	 7.184600 	 0.837900 	 9.945100 	 0.022372 	 0.260857 	 0.008130 	 0.063253 	 0.016943
3140 	 0.993193 	 36.968400 	 13.650700 	 3.774700 	 0.801700 	 -12.386300 	 0.027304 	 0.200313 	 -0.009853 	 0.029882 	 0.006425
3143 	 1.097769 	 149.952800 	 12.053400 	 8.903200 	 0.748300 	 24.178500 	 0.020030 	 0.093841 	 0.003953 	 0.549800 	 0.141988
3144 	 1.005614 	 22.560700 	 14.083200 	 2.809400 	 0.975700 	 13.167800 	 0.015685 	 0.191932 	 -0.005601 	 0.021184 	 0.014206
3146 	 1.061833 	 34.292400 	 13.672100 	 5.447100 	 0.831900 	 89.935500 	 0.024204 	 0.082998 	 -0.001893 	 0.300428 	 0.025087
3147 	 1.078507 	 20.234600 	 14.141800 	 2.589800 	 0.610900 	 -8.821300 	 0.031452 	 0.181400 	 0.002425 	 0.022023 	 0.042523
3148 	 1.031643 	 15.607000 	 14.989800 	 4.536900 	 0.882100 	 -74.925300 	 0.025864 	 0.050897 	 0.006130 	 0.210144 	 0.069644
3149 	 1.035771 	 40.995200 	 13.190100 	 3.428100 	 0.722600 	 82.923300 	 0.030534 	 0.197191 	 0.005559 	 0.011967 	 0.014674
3152 	 1.101480 	 132.862300 	 11.646400 	 5.705100 	 0.795100 	 32.700000 	 0.037047 	 0.203094 	 0.005223 	 0.290418 	 0.072533
3154 	 1.016733 	 26.150100 	 14.419700 	 6.357100 	 0.934100 	 78.764900 	 0.012188 	 0.166558 	 -0.001344 	 0.093433 	 0.013185
3155 	 0.976020 	 75.261200 	 13.932100 	 4.998900 	 0.777500 	 9.755100 	 0.017865 	 0.248218 	 0.001618 	 0.103144 	 0.013999
3156 	 1.068681 	 15.020000 	 15.543800 	 5.603700 	 0.860800 	 -89.795800 	 0.016278 	 0.205651 	 0.006589 	 0.038008 	 0.006867
3157 	 1.003167 	 18.814600 	 14.394500 	 3.679700 	 0.887500 	 -28.584600 	 0.018004 	 0.170507 	 -0.002553 	 0.140349 	 0.019992
3159 	 1.032118 	 45.379700 	 13.721600 	 5.069600 	 0.830200 	 -22.960900 	 0.018859 	 0.053570 	 0.009902 	 0.442323 	 0.041348
3160 	 1.000231 	 26.510300 	 14.153100 	 5.339100 	 0.683000 	 19.996200 	 0.014251 	 0.254241 	 -0.002196 	 0.087250 	 0.000000
3164 	 1.045675 	 1690.865500 	 12.192700 	 12.720200 	 0.769500 	 -5.815400 	 0.067735 	 0.148719 	 0.018666 	 0.203328 	 0.040482
3166 	 0.987428 	 52.425600 	 12.783900 	 4.855400 	 0.760300 	 3.199800 	 0.015956 	 0.211765 	 -0.000793 	 0.014760 	 0.004931
3167 	 1.000139 	 64.351100 	 13.687200 	 5.070600 	 0.750700 	 35.957700 	 0.021550 	 0.174770 	 0.000893 	 0.098552 	 0.010175
3168 	 0.997710 	 73.053600 	 14.842500 	 6.076900 	 0.880000 	 28.839900 	 0.027972 	 0.293586 	 0.014609 	 0.066500 	 0.004071
3169 	 1.123354 	 11.552600 	 16.121300 	 5.928600 	 0.531800 	 3.473000 	 0.031171 	 0.203362 	 0.001713 	 0.088269 	 0.000000
3171 	 1.018712 	 49.342100 	 13.928800 	 4.820300 	 0.747900 	 86.093800 	 0.022809 	 0.153129 	 0.006477 	 0.136269 	 0.035547
3173 	 0.999688 	 68.974700 	 14.045700 	 4.282800 	 0.762200 	 43.463500 	 0.037614 	 0.338960 	 0.007949 	 0.120979 	 0.028799
3174 	 0.934009 	 290.577300 	 12.252300 	 8.780300 	 0.654500 	 -78.606900 	 0.019177 	 0.100347 	 -0.007310 	 0.030784 	 0.009762
3176 	 0.955850 	 39.234500 	 14.425700 	 4.677200 	 0.697700 	 -24.878300 	 0.009653 	 0.232739 	 -0.002251 	 0.175810 	 0.033513
3177 	 1.158385 	 18.144400 	 14.051600 	 3.225400 	 0.679800 	 -54.862000 	 0.051337 	 0.218172 	 0.012389 	 0.084959 	 0.005619
3180 	 0.997007 	 36.908700 	 13.731700 	 2.678800 	 0.710200 	 20.448900 	 0.027952 	 0.148034 	 0.001877 	 0.038638 	 0.017422
3181 	 1.017538 	 128.848100 	 14.425000 	 12.315000 	 0.644400 	 54.144000 	 0.017843 	 0.189113 	 0.000112 	 0.155062 	 0.020474
3182 	 0.980237 	 32.940900 	 14.237500 	 4.566000 	 0.728100 	 -85.353300 	 0.014581 	 0.234332 	 -0.008165 	 0.039517 	 0.018960
3183 	 1.009626 	 30.457200 	 14.947700 	 5.317700 	 0.742200 	 -65.333500 	 0.028677 	 0.223193 	 0.016870 	 0.099813 	 0.008483
3185 	 1.012760 	 169.379000 	 14.181600 	 9.571900 	 0.824500 	 -32.365200 	 0.027926 	 0.243066 	 0.009855 	 0.170834 	 0.016661
3186 	 1.029628 	 52.281700 	 14.139800 	 7.596500 	 0.725300 	 -22.553400 	 0.037805 	 0.245504 	 0.000498 	 0.072815 	 0.007560
3189 	 1.004020 	 25.085000 	 14.809500 	 5.481900 	 0.889100 	 -80.419900 	 0.021075 	 0.140820 	 0.000726 	 0.108969 	 0.019632
3195 	 1.042893 	 16.377300 	 14.677700 	 3.823400 	 0.826300 	 -74.887600 	 0.023099 	 0.208718 	 -0.003053 	 0.044309 	 0.035392
3196 	 1.139390 	 27.160200 	 13.734800 	 3.141400 	 0.891900 	 65.526200 	 0.059431 	 0.138045 	 0.022066 	 0.110144 	 0.053754
3201 	 1.025140 	 9.311700 	 15.952400 	 5.646800 	 0.865200 	 74.434900 	 0.012224 	 0.190833 	 -0.000882 	 0.083254 	 0.000000
3203 	 0.997367 	 74.312800 	 14.204800 	 8.305800 	 0.849000 	 51.695700 	 0.026528 	 0.301949 	 0.014105 	 0.066535 	 0.041043
3205 	 1.057325 	 45.047900 	 13.651400 	 6.289300 	 0.942300 	 -83.312300 	 0.069477 	 0.373032 	 0.306001 	 0.263103 	 0.000430
3206 	 1.003078 	 21.324500 	 15.437400 	 6.056800 	 0.771700 	 74.737300 	 0.014646 	 0.218405 	 0.000845 	 0.061589 	 0.010779
3207 	 1.040147 	 22.532700 	 14.113900 	 5.140400 	 0.664600 	 59.297700 	 0.011087 	 0.151125 	 -0.000625 	 0.077277 	 0.034756
3208 	 1.040127 	 19.630900 	 14.614400 	 5.466300 	 0.735900 	 -79.913300 	 0.028413 	 0.199208 	 -0.005059 	 0.060312 	 0.011024
3210 	 0.979043 	 179.728500 	 13.095600 	 10.026200 	 0.818900 	 -38.903500 	 0.016446 	 0.219342 	 -0.001043 	 0.045905 	 0.014671
3211 	 1.007513 	 14.782400 	 15.464200 	 4.707000 	 0.844200 	 59.927900 	 0.012536 	 0.243970 	 -0.005185 	 0.053283 	 0.029772
3212 	 1.065606 	 188.145200 	 13.716500 	 8.661200 	 0.773600 	 -66.743200 	 0.042085 	 0.028273 	 0.033991 	 0.885399 	 0.255365
3218 	 0.982412 	 29.789000 	 15.525000 	 7.003600 	 0.685200 	 81.523600 	 0.009725 	 0.232480 	 -0.005140 	 0.072444 	 0.000000
3222 	 0.923848 	 112.737300 	 12.382600 	 5.534900 	 0.773800 	 -12.074800 	 0.009009 	 0.165086 	 -0.001103 	 0.004151 	 0.004833
3226 	 1.108461 	 28.781900 	 13.608300 	 3.574000 	 0.650000 	 -87.365200 	 0.030920 	 0.144759 	 0.005603 	 0.028319 	 0.020917
3229 	 0.975706 	 131.043600 	 13.209100 	 7.263300 	 0.827400 	 -21.063400 	 0.019405 	 0.148782 	 0.005872 	 0.171630 	 0.056353
3237 	 1.014272 	 27.029300 	 13.386800 	 3.295900 	 0.827400 	 26.061600 	 0.027948 	 0.146214 	 0.006136 	 0.053175 	 0.021379
3244 	 1.041422 	 38.037000 	 14.015000 	 7.691800 	 0.752000 	 -19.050000 	 0.024176 	 0.223845 	 0.008748 	 0.020257 	 0.059911
3245 	 1.326852 	 8.080100 	 15.993900 	 3.124300 	 0.741000 	 -89.796400 	 0.035147 	 0.146268 	 0.002553 	 0.072053 	 0.000000
3247 	 0.978926 	 71.116700 	 13.258500 	 5.492200 	 0.800900 	 -72.258000 	 0.019356 	 0.142293 	 -0.002176 	 0.044419 	 0.038105
3248 	 1.102477 	 239.701900 	 12.364500 	 10.047500 	 0.808000 	 -15.536000 	 0.055646 	 0.168014 	 0.002947 	 0.048090 	 0.016220
3249 	 0.984254 	 71.071000 	 13.750900 	 5.496800 	 0.691800 	 55.641200 	 0.025001 	 0.234400 	 0.013789 	 0.109695 	 0.015177
3252 	 0.979859 	 33.353300 	 14.108200 	 5.171500 	 0.808400 	 7.873400 	 0.012928 	 0.170820 	 -0.009617 	 0.067607 	 0.003022
3265 	 0.985674 	 73.755900 	 13.760300 	 8.126000 	 0.734900 	 -54.501000 	 0.015262 	 0.274881 	 0.002196 	 0.022104 	 0.021184
3267 	 1.021923 	 31.931300 	 14.825900 	 7.138000 	 0.837500 	 -51.186600 	 0.015776 	 0.270469 	 -0.000459 	 0.025275 	 0.040331
3271 	 0.991445 	 37.505500 	 14.452300 	 6.550800 	 0.900200 	 -31.453900 	 0.014505 	 0.205019 	 -0.009995 	 0.075425 	 0.014345
3272 	 1.079409 	 9.022100 	 15.433600 	 5.873600 	 0.757000 	 -24.798600 	 0.012083 	 0.214699 	 0.006399 	 0.049616 	 0.003784
3275 	 1.033489 	 11.299000 	 15.051000 	 4.417200 	 0.927000 	 3.883500 	 0.021094 	 0.186910 	 -0.003917 	 0.015332 	 0.025648
3280 	 1.032109 	 25.351900 	 15.210900 	 7.162300 	 0.865900 	 18.121800 	 0.015370 	 0.236998 	 0.000948 	 0.078878 	 0.031092
3283 	 0.988217 	 87.805400 	 14.573300 	 7.121300 	 0.825200 	 -12.486500 	 0.033502 	 0.190466 	 -0.006719 	 0.282855 	 0.153041
3285 	 1.030689 	 29.135300 	 14.318500 	 3.141400 	 0.655800 	 49.638900 	 0.055737 	 0.190618 	 -0.002823 	 0.378097 	 0.013665
3287 	 1.175508 	 87.360600 	 14.139400 	 7.722900 	 0.792200 	 79.858100 	 0.040501 	 0.042264 	 0.042412 	 0.859134 	 0.062770
3291 	 1.041873 	 16.323100 	 15.051700 	 4.890000 	 0.846500 	 -51.769900 	 0.018450 	 0.209164 	 -0.000173 	 0.038852 	 0.012398
3292 	 1.050528 	 29.744900 	 14.076400 	 5.430800 	 0.948500 	 73.184600 	 0.016964 	 0.154331 	 0.003508 	 0.023004 	 0.000000
3296 	 1.045383 	 25.562700 	 15.010600 	 6.994500 	 0.795100 	 79.935600 	 0.054558 	 0.355648 	 0.020236 	 0.086545 	 0.003845
3299 	 1.377028 	 6.512400 	 16.880300 	 2.084300 	 0.878000 	 -39.992700 	 0.054312 	 0.105889 	 0.053888 	 0.815665 	 0.052083
3302 	 1.041799 	 20.705200 	 14.469200 	 5.933800 	 0.788100 	 -67.201700 	 0.017756 	 0.148733 	 0.010559 	 0.073286 	 0.017510
3303 	 1.073286 	 12.251600 	 15.547300 	 3.216000 	 0.745600 	 88.785800 	 0.036859 	 0.226271 	 0.009648 	 0.154358 	 0.017071
3308 	 0.995775 	 32.841900 	 14.728300 	 5.752700 	 0.841300 	 -73.479300 	 0.020600 	 0.180840 	 -0.001004 	 0.068012 	 0.061122
3313 	 1.010914 	 37.019200 	 13.329900 	 4.495300 	 0.890200 	 36.816900 	 0.023981 	 0.189692 	 0.007147 	 0.071227 	 0.026366
3314 	 0.979495 	 44.350500 	 13.909600 	 5.044800 	 0.966500 	 -51.100200 	 0.017071 	 0.243769 	 -0.002178 	 0.168578 	 0.020693
3315 	 0.989710 	 24.449000 	 15.097500 	 4.479700 	 0.787800 	 -33.067400 	 0.014304 	 0.222779 	 -0.005559 	 0.092271 	 0.030675
3318 	 1.228524 	 18.447900 	 14.087500 	 3.406600 	 0.552300 	 19.205900 	 0.040730 	 0.211358 	 0.005781 	 0.066266 	 0.028396
3319 	 0.991556 	 25.406800 	 14.605700 	 3.405500 	 0.874300 	 -3.111700 	 0.017296 	 0.205020 	 0.006881 	 0.026110 	 0.009079
3320 	 1.095275 	 42.810400 	 13.137100 	 4.253500 	 0.843900 	 -83.489000 	 0.059122 	 0.247210 	 0.000545 	 0.305486 	 0.010736
3323 	 0.993829 	 33.406000 	 13.817600 	 4.236200 	 0.662700 	 6.574400 	 0.016155 	 0.151730 	 0.001691 	 0.028827 	 0.063025
3325 	 1.086933 	 17.457300 	 14.453200 	 4.698600 	 0.930400 	 -5.811900 	 0.035314 	 0.185228 	 -0.009337 	 0.034881 	 0.016697
3326 	 1.168375 	 39.455100 	 12.460700 	 1.996000 	 0.590100 	 36.161000 	 0.053163 	 0.135906 	 0.001014 	 0.042537 	 0.020028
3327 	 1.017845 	 12.232200 	 15.660700 	 3.329900 	 0.562200 	 -41.802500 	 0.024909 	 0.256156 	 0.009857 	 0.053411 	 0.014692
3328 	 1.056673 	 19.653200 	 13.926100 	 4.519400 	 0.776800 	 -19.890400 	 0.014155 	 0.202882 	 0.005901 	 0.084200 	 0.021987
3330 	 1.613143 	 25.693100 	 14.176500 	 6.481200 	 0.872100 	 -32.894300 	 0.054016 	 0.152825 	 0.025335 	 0.126656 	 0.022127
3336 	 1.047144 	 31.552700 	 13.846800 	 4.664200 	 0.899400 	 -67.270000 	 0.016096 	 0.204296 	 0.004221 	 0.009138 	 0.022847
3337 	 0.979337 	 20.660900 	 15.090000 	 4.366600 	 0.575200 	 -12.842200 	 0.015102 	 0.152927 	 -0.001157 	 0.200413 	 0.018393
3338 	 1.250928 	 19.794000 	 13.746200 	 4.973000 	 0.797100 	 86.290600 	 0.076574 	 0.200945 	 0.002144 	 0.074319 	 0.011442
3340 	 0.996374 	 34.742600 	 14.476500 	 5.114500 	 0.739400 	 -71.409400 	 0.029409 	 0.267720 	 0.003287 	 0.068776 	 0.000000
3347 	 0.981976 	 59.496400 	 14.484100 	 6.834300 	 0.871100 	 25.385800 	 0.009781 	 0.293237 	 0.003846 	 0.060539 	 0.004382
3349 	 0.991806 	 35.206900 	 14.433700 	 3.214900 	 0.835500 	 83.394500 	 0.024609 	 0.230623 	 0.015754 	 0.216652 	 0.033391
3354 	 0.980449 	 66.552800 	 14.705200 	 7.533300 	 0.766600 	 -4.566000 	 0.014906 	 0.269300 	 0.009690 	 0.055949 	 0.009045
3355 	 1.030870 	 21.675300 	 14.884700 	 7.457800 	 0.757500 	 36.536800 	 0.016031 	 0.237367 	 0.009861 	 0.071050 	 0.000000
3357 	 0.941725 	 39.585200 	 13.313000 	 2.653900 	 0.758300 	 70.048100 	 0.017715 	 0.120545 	 -0.000853 	 0.019834 	 0.014902
3362 	 1.000713 	 172.949600 	 14.064300 	 9.089900 	 0.617100 	 16.810300 	 0.033316 	 0.239452 	 -0.000561 	 0.079650 	 0.040060
3369 	 1.088201 	 60.880600 	 13.707700 	 7.905700 	 0.880700 	 21.290800 	 0.018401 	 0.135126 	 0.009845 	 0.038610 	 0.008545
3372 	 1.034823 	 32.810800 	 15.775000 	 8.051800 	 0.574900 	 15.694400 	 0.047653 	 0.294210 	 0.026130 	 0.059901 	 0.129663
3375 	 1.048083 	 55.997300 	 12.293700 	 3.879600 	 0.945900 	 -63.101500 	 0.009629 	 0.223916 	 -0.001287 	 0.105164 	 0.008512
3376 	 0.985570 	 27.440100 	 14.580500 	 4.635000 	 0.691700 	 65.916500 	 0.015629 	 0.239264 	 0.008869 	 0.049878 	 0.004452
3380 	 1.002974 	 56.699800 	 15.001300 	 7.143700 	 0.608900 	 18.573900 	 0.019555 	 0.193612 	 0.003850 	 0.022749 	 0.077741
3381 	 1.067130 	 38.360000 	 14.077900 	 7.820300 	 0.898100 	 30.183600 	 0.050630 	 0.308837 	 0.030298 	 0.065133 	 0.031255
3386 	 1.092527 	 197.339100 	 13.468900 	 9.348800 	 0.873200 	 53.663700 	 0.057388 	 0.143977 	 0.029373 	 0.602093 	 0.022074
3389 	 0.974946 	 66.793900 	 13.228600 	 6.932400 	 0.863600 	 51.459800 	 0.013241 	 0.157945 	 -0.005046 	 0.048173 	 0.027303
3390 	 1.027966 	 15.557900 	 15.003700 	 5.114200 	 0.758200 	 -85.016000 	 0.016624 	 0.174977 	 -0.000623 	 0.045133 	 0.000000
3395 	 1.015382 	 145.547700 	 14.160900 	 11.432500 	 0.795900 	 -68.530800 	 0.051245 	 0.454191 	 0.012587 	 0.059530 	 0.049241
3404 	 0.984015 	 166.011700 	 13.361900 	 8.311300 	 0.939800 	 -37.931800 	 0.025365 	 0.295542 	 -0.010585 	 0.087182 	 0.024207
3407 	 1.023144 	 59.358000 	 13.789600 	 7.455200 	 0.692700 	 66.552400 	 0.029344 	 0.137453 	 0.011981 	 0.205611 	 0.031024
3408 	 0.994881 	 38.389500 	 14.628400 	 7.746000 	 0.819500 	 -73.624000 	 0.009517 	 0.197384 	 0.003029 	 0.114168 	 0.010207
3411 	 1.461071 	 18.650700 	 14.820300 	 3.536600 	 0.766500 	 -71.607900 	 0.041557 	 0.220651 	 0.030068 	 0.095060 	 0.010935
3417 	 1.058195 	 11.284100 	 15.560200 	 5.377800 	 0.940500 	 81.742400 	 0.017843 	 0.218952 	 0.013874 	 0.052591 	 0.016194
3422 	 0.976270 	 62.211400 	 13.900900 	 5.418900 	 0.793200 	 76.260000 	 0.016843 	 0.260578 	 0.011285 	 0.019881 	 0.023329
3424 	 1.070275 	 15.253500 	 14.745300 	 2.824500 	 0.869200 	 69.465800 	 0.030644 	 0.267035 	 0.006328 	 0.061670 	 0.007623
3425 	 1.040367 	 32.910700 	 14.153300 	 6.468800 	 0.847700 	 32.744500 	 0.014427 	 0.198367 	 0.003183 	 0.061110 	 0.011558
3430 	 1.029641 	 657.950000 	 12.705100 	 9.166600 	 0.730500 	 -18.202100 	 0.046686 	 0.208452 	 0.008569 	 0.147122 	 0.013924
3438 	 1.182101 	 5.465400 	 16.443800 	 2.034800 	 0.615100 	 44.157200 	 0.037569 	 0.153739 	 0.013972 	 0.016130 	 0.000000
3446 	 0.981094 	 38.243000 	 15.545700 	 9.132200 	 0.792600 	 -45.289100 	 0.013266 	 0.312743 	 0.005569 	 0.043208 	 0.000000
3447 	 1.045793 	 43.309700 	 14.243100 	 7.367500 	 0.686000 	 54.303400 	 0.025690 	 0.223213 	 0.002257 	 0.077313 	 0.001668
3456 	 0.975661 	 27.973100 	 14.441400 	 4.747700 	 0.685100 	 -37.532600 	 0.012904 	 0.207104 	 0.001215 	 0.079566 	 0.022319
3461 	 1.146761 	 17.969900 	 14.728200 	 5.708400 	 0.931200 	 -16.869400 	 0.053183 	 0.230957 	 0.030420 	 0.140991 	 0.059634
3462 	 1.060845 	 19.845400 	 14.247200 	 5.117800 	 0.627200 	 72.769900 	 0.020565 	 0.186258 	 0.002801 	 0.050111 	 0.000937
3465 	 1.002308 	 89.591200 	 14.322300 	 12.016700 	 0.864800 	 79.131500 	 0.019369 	 0.247059 	 -0.003611 	 0.053382 	 0.000553
3468 	 0.986099 	 77.981700 	 14.833900 	 8.361700 	 0.934000 	 2.853000 	 0.017928 	 0.194400 	 -0.005006 	 0.183573 	 0.042562
3470 	 0.972815 	 77.905400 	 13.504200 	 6.386400 	 0.771700 	 -21.525500 	 0.013903 	 0.259689 	 -0.002454 	 0.077595 	 0.015396
3473 	 1.050320 	 17.267200 	 15.142600 	 3.418000 	 0.858000 	 29.148000 	 0.033737 	 0.201788 	 0.023525 	 0.070605 	 0.084923
3474 	 1.109711 	 11.793000 	 14.560400 	 4.137600 	 0.859600 	 -70.753100 	 0.015919 	 0.090147 	 0.004301 	 0.076607 	 0.024537
3475 	 1.022099 	 56.921200 	 15.475500 	 10.201200 	 0.748500 	 -70.173900 	 0.018919 	 0.172655 	 -0.002074 	 0.033266 	 0.000000
3476 	 0.996267 	 70.703400 	 13.922300 	 6.793000 	 0.894100 	 64.037900 	 0.015307 	 0.152955 	 0.001890 	 0.066417 	 0.009454
3478 	 0.990617 	 37.592000 	 14.449500 	 6.429500 	 0.742800 	 -64.537200 	 0.008154 	 0.199332 	 -0.008803 	 0.062941 	 0.000000
3481 	 0.981633 	 105.801400 	 15.292900 	 19.994200 	 0.820700 	 4.596200 	 0.028351 	 0.385159 	 -0.015311 	 0.152579 	 0.006231
3499 	 1.070689 	 6.177800 	 16.260400 	 5.841800 	 0.879500 	 2.724000 	 0.011247 	 0.213827 	 -0.001222 	 0.032133 	 0.000000
3500 	 1.072240 	 19.642000 	 14.363200 	 3.561000 	 0.650200 	 54.738100 	 0.020612 	 0.135823 	 -0.003007 	 0.054558 	 0.000000
3506 	 1.004411 	 13.793600 	 15.014200 	 3.362500 	 0.881600 	 -2.595100 	 0.020341 	 0.253337 	 0.003981 	 0.024927 	 0.000000
3512 	 1.043730 	 14.460800 	 15.200000 	 4.700600 	 0.962600 	 -70.371000 	 0.014992 	 0.133992 	 0.005187 	 0.069213 	 0.013699
3514 	 0.949824 	 68.653900 	 12.545300 	 4.568600 	 0.716000 	 -72.382200 	 0.022990 	 0.165850 	 -0.007398 	 0.056553 	 0.009575
3518 	 1.062254 	 42.431800 	 14.472100 	 6.707400 	 0.931400 	 -57.344400 	 0.034420 	 0.179802 	 0.018066 	 0.091490 	 0.019221
3524 	 1.071576 	 9.267800 	 15.844100 	 5.765400 	 0.933700 	 41.747400 	 0.015969 	 0.228015 	 0.000635 	 0.083840 	 0.000000
3529 	 0.986991 	 39.903600 	 14.062600 	 5.701900 	 0.843100 	 19.033300 	 0.014666 	 0.193670 	 -0.015122 	 0.048805 	 0.023057
3531 	 1.034616 	 19.752200 	 14.206100 	 4.382000 	 0.888700 	 -11.057200 	 0.027100 	 0.128779 	 -0.004499 	 0.064097 	 0.056102
3539 	 1.593041 	 27.573200 	 14.000600 	 5.233800 	 0.690800 	 -34.284100 	 0.046804 	 0.156227 	 0.032829 	 0.054450 	 0.000437
3542 	 4.864634 	 56.578700 	 12.655100 	 6.914700 	 0.616800 	 88.212100 	 0.070251 	 0.161539 	 0.022033 	 0.027564 	 0.004626
3551 	 1.018301 	 22.470500 	 14.404600 	 3.812700 	 0.767700 	 73.691300 	 0.022770 	 0.191735 	 -0.000847 	 0.010757 	 0.005521
3553 	 1.266584 	 23.710200 	 13.934000 	 5.650400 	 0.930800 	 -0.326800 	 0.051260 	 0.190625 	 -0.000036 	 0.059211 	 0.002142
3558 	 0.996350 	 54.636800 	 14.009200 	 7.438000 	 0.821900 	 14.505200 	 0.022437 	 0.217122 	 -0.001676 	 0.021745 	 0.048372
3577 	 1.010451 	 88.452400 	 13.805200 	 9.073100 	 0.884100 	 68.569400 	 0.024217 	 0.233386 	 0.016896 	 0.043561 	 0.022714
3578 	 0.989496 	 15.840600 	 15.333300 	 6.930700 	 0.996900 	 5.318200 	 0.005591 	 0.219161 	 0.003951 	 0.042270 	 0.038294
3583 	 0.992898 	 26.410900 	 14.171700 	 3.869000 	 0.873500 	 -42.483700 	 0.017292 	 0.217254 	 -0.001504 	 0.036674 	 0.003278
3586 	 1.067513 	 46.255100 	 14.440500 	 6.505600 	 0.802700 	 -69.006100 	 0.040056 	 0.167635 	 0.004663 	 0.096252 	 0.096693
3597 	 1.067579 	 20.807700 	 14.736600 	 3.962600 	 0.977800 	 7.581200 	 0.021415 	 0.104238 	 0.000787 	 0.100492 	 0.037807
3599 	 1.008605 	 67.535600 	 14.167900 	 10.123600 	 0.833000 	 63.282000 	 0.020902 	 0.205707 	 0.008719 	 0.029111 	 0.076429
3602 	 1.015475 	 16.993400 	 15.181900 	 5.538400 	 0.689400 	 25.640800 	 0.016224 	 0.186266 	 0.004636 	 0.056694 	 0.000000
3606 	 1.009018 	 41.772400 	 14.305100 	 6.032600 	 0.775800 	 -47.929100 	 0.024690 	 0.219709 	 0.004740 	 0.046909 	 0.000203
3607 	 1.405879 	 50.716200 	 12.007200 	 6.298300 	 0.813400 	 -2.250400 	 0.029795 	 0.149851 	 0.004029 	 0.005235 	 0.001967
3610 	 1.040520 	 64.409900 	 12.876700 	 7.055900 	 0.731400 	 -84.852300 	 0.026389 	 0.194762 	 0.002112 	 0.131485 	 0.008728
3613 	 1.170846 	 18.829100 	 14.893200 	 4.556100 	 0.787800 	 -9.559900 	 0.040245 	 0.240649 	 0.014606 	 0.006828 	 0.000542
3619 	 1.046552 	 8.202600 	 16.031400 	 4.916000 	 0.927800 	 -76.750400 	 0.012412 	 0.163032 	 0.008593 	 0.088900 	 0.000000
3628 	 1.030725 	 49.555900 	 12.948000 	 5.160000 	 0.909700 	 0.939100 	 0.026810 	 0.162670 	 0.009687 	 0.162440 	 0.018856
3634 	 1.018007 	 10.797000 	 15.709400 	 6.655200 	 0.958400 	 -39.434800 	 0.008662 	 0.245507 	 0.004322 	 0.164389 	 0.050744
3641 	 1.063622 	 16.613600 	 14.619000 	 4.447300 	 0.875900 	 -58.478200 	 0.022612 	 0.221943 	 -0.001070 	 0.033184 	 0.000000
3646 	 0.990550 	 43.437500 	 13.636200 	 7.202100 	 0.761300 	 -44.420100 	 0.014052 	 0.229620 	 -0.000607 	 0.020589 	 0.007288
3647 	 1.106986 	 29.629800 	 14.114200 	 6.543300 	 0.607600 	 -11.008100 	 0.017517 	 0.210138 	 0.006417 	 0.065408 	 0.024933
