1000 	 1.149686 	 83.850800 	 14.225400 	 7.099100 	 0.878400 	 -27.927200 	 0.093552 	 0.388363 	 0.084969 	 0.261970 	 0.023277
1001 	 0.981841 	 57.159400 	 13.594800 	 6.216000 	 0.799800 	 -33.435600 	 0.024391 	 0.264790 	 0.003151 	 0.090316 	 0.041068
1005 	 1.298178 	 4212.170900 	 12.427400 	 17.985100 	 0.812300 	 -55.243400 	 0.170899 	 0.265924 	 0.250740 	 0.160840 	 0.019460
1009 	 1.016832 	 21.153700 	 14.728100 	 5.320800 	 0.803400 	 -44.624800 	 0.016082 	 0.039571 	 0.017369 	 0.334488 	 0.140320
1011 	 0.982691 	 319.199000 	 13.110200 	 8.855400 	 0.840000 	 80.078800 	 0.022179 	 0.227019 	 0.004964 	 0.125029 	 0.019356
1012 	 0.995377 	 18.702900 	 15.014500 	 4.232000 	 0.895200 	 37.750900 	 0.016362 	 0.290833 	 0.008160 	 0.077627 	 0.033936
1013 	 1.126010 	 73.805500 	 13.983700 	 5.854400 	 0.731600 	 -28.108500 	 0.104998 	 0.373769 	 0.117254 	 0.092179 	 0.045862
1015 	 1.003901 	 17.398700 	 15.365200 	 6.098000 	 0.708200 	 -50.524800 	 0.013008 	 0.208770 	 0.005665 	 0.080402 	 0.003988
1016 	 0.986919 	 29.380300 	 14.672800 	 3.059300 	 0.734400 	 -79.332000 	 0.032925 	 0.207496 	 -0.006422 	 0.128517 	 0.056280
1017 	 1.064119 	 903.280600 	 12.107400 	 9.260800 	 0.799500 	 16.210100 	 0.092810 	 0.299162 	 0.028934 	 0.078243 	 0.004650
1018 	 0.987227 	 46.104400 	 14.304400 	 4.348800 	 0.808600 	 26.951600 	 0.021723 	 0.278961 	 0.012540 	 0.030613 	 0.029511
1019 	 0.968940 	 52.071800 	 14.195500 	 5.069300 	 0.683100 	 45.200100 	 0.016059 	 0.135489 	 0.006762 	 0.396081 	 0.090484
1020 	 1.343911 	 209.645300 	 12.430200 	 6.838800 	 0.773600 	 -30.355600 	 0.058989 	 0.028767 	 0.041345 	 0.606144 	 0.084854
1021 	 1.033624 	 14.530600 	 15.086600 	 4.932900 	 0.904500 	 31.624200 	 0.018836 	 0.199429 	 0.005361 	 0.052301 	 0.027349
1024 	 0.962010 	 50.663200 	 13.969700 	 4.486300 	 0.737000 	 44.411800 	 0.009311 	 0.253901 	 0.000654 	 0.027491 	 0.003888
1025 	 0.965222 	 145.724900 	 12.111800 	 5.392600 	 0.815000 	 4.012000 	 0.028913 	 0.116956 	 0.008718 	 0.220912 	 0.070035
1026 	 1.095778 	 19.470700 	 14.728100 	 5.564500 	 0.812500 	 -83.960200 	 0.029014 	 0.264250 	 0.012286 	 0.105982 	 0.015998
1027 	 1.355866 	 14.068100 	 14.837600 	 3.523400 	 0.967400 	 70.446700 	 0.078173 	 0.363829 	 0.077862 	 0.242600 	 0.028479
1028 	 0.964733 	 60.121500 	 14.591100 	 8.068400 	 0.840000 	 6.856500 	 0.016579 	 0.356596 	 0.005278 	 0.038661 	 0.000000
1030 	 1.017998 	 40.392700 	 14.337300 	 6.096300 	 0.681900 	 -41.920000 	 0.016594 	 0.177203 	 0.002578 	 0.029707 	 0.000900
1032 	 1.052005 	 70.337100 	 12.164800 	 4.197800 	 0.831000 	 -80.497000 	 0.039454 	 0.220563 	 0.038189 	 0.162641 	 0.016853
1034 	 1.217952 	 61.083300 	 13.920600 	 7.201000 	 0.933600 	 -32.546600 	 0.061008 	 0.146629 	 0.063015 	 0.549625 	 0.055108
1036 	 1.034391 	 13.092500 	 15.274400 	 4.523900 	 0.667600 	 10.737400 	 0.022468 	 0.203420 	 -0.000604 	 0.073813 	 0.000000
1038 	 1.053925 	 9.489000 	 15.420600 	 2.884600 	 0.875800 	 -89.486900 	 0.044636 	 0.228425 	 0.012794 	 0.118413 	 0.026107
1039 	 1.306290 	 140.277400 	 13.363400 	 6.471100 	 0.684400 	 8.353400 	 0.061520 	 0.093344 	 0.049029 	 0.303196 	 0.050975
1040 	 1.410870 	 24.585000 	 14.325300 	 5.346100 	 0.839400 	 -46.834700 	 0.030849 	 0.068176 	 0.036589 	 0.734651 	 0.142157
1041 	 1.053596 	 92.566100 	 13.513600 	 8.338200 	 0.715000 	 43.057900 	 0.019847 	 0.141129 	 0.010870 	 0.115244 	 0.020566
1042 	 1.123629 	 25.199200 	 14.843200 	 5.741000 	 0.841400 	 -7.392200 	 0.026276 	 0.142688 	 0.007711 	 0.083129 	 0.038609
1043 	 1.059566 	 158.675900 	 13.278600 	 6.150300 	 0.915900 	 6.644700 	 0.079507 	 0.290092 	 0.081996 	 0.364002 	 0.050827
1044 	 0.987114 	 224.870000 	 12.998100 	 5.107700 	 0.538600 	 73.063000 	 0.035170 	 0.253318 	 -0.004601 	 0.213059 	 0.018621
1047 	 0.994448 	 89.596100 	 13.695600 	 6.175600 	 0.819000 	 -81.479600 	 0.026043 	 0.257311 	 0.007705 	 0.102094 	 0.012089
1048 	 1.606919 	 26.504500 	 14.463500 	 3.368400 	 0.583300 	 70.018700 	 0.092759 	 0.061682 	 0.047840 	 0.319577 	 0.049065
1050 	 1.105561 	 25.138900 	 13.687900 	 4.165000 	 0.793600 	 -38.488700 	 0.033317 	 0.175309 	 -0.001811 	 0.034324 	 0.008674
1051 	 0.993915 	 930.462500 	 12.624600 	 11.670900 	 0.636300 	 -83.401200 	 0.048400 	 0.370407 	 0.018350 	 0.917361 	 0.100885
1053 	 1.058490 	 10.678000 	 15.361600 	 3.716100 	 0.741600 	 29.846200 	 0.026266 	 0.221405 	 0.005569 	 0.072751 	 0.047347
1057 	 1.034905 	 35.136600 	 13.924800 	 4.532300 	 0.917000 	 -32.748800 	 0.026360 	 0.196875 	 0.002523 	 0.020591 	 0.003461
1058 	 1.022737 	 29.190400 	 14.182900 	 3.284100 	 0.787800 	 -80.352700 	 0.033648 	 0.067912 	 0.012693 	 0.588661 	 0.232143
1059 	 0.980119 	 100.142300 	 14.462800 	 8.972900 	 0.831200 	 60.923200 	 0.012949 	 0.182787 	 0.007611 	 0.180659 	 0.059410
1061 	 1.275347 	 13.876600 	 13.759300 	 5.106200 	 0.660700 	 -87.031800 	 0.016825 	 0.166784 	 0.000710 	 0.049111 	 0.012734
1066 	 1.204386 	 837.145000 	 12.447900 	 10.664500 	 0.846200 	 -75.878500 	 0.070849 	 0.091994 	 0.053777 	 0.170922 	 0.216634
1067 	 1.118309 	 68.043800 	 15.025400 	 10.324000 	 0.895900 	 28.158100 	 0.033520 	 0.147867 	 0.000306 	 0.063310 	 0.000000
1069 	 0.968014 	 203.053300 	 12.969600 	 8.292800 	 0.803800 	 -43.932000 	 0.025376 	 0.185312 	 -0.006731 	 0.034265 	 0.041268
1071 	 1.231726 	 15.196000 	 14.662200 	 4.052500 	 0.785100 	 -34.238400 	 0.044254 	 0.197410 	 0.019572 	 0.073195 	 0.010686
1075 	 0.976063 	 19.405900 	 14.648700 	 3.497500 	 0.978100 	 -10.980700 	 0.015387 	 0.233880 	 0.005587 	 0.019056 	 0.046976
1076 	 0.986940 	 212.645400 	 12.659000 	 9.300700 	 0.803000 	 0.006697 	 0.022337 	 0.245578 	 0.008041 	 0.048557 	 0.000646
1079 	 1.001932 	 18.558300 	 14.017400 	 4.571200 	 0.946800 	 4.428700 	 0.014856 	 0.211285 	 -0.007765 	 0.030526 	 0.022845
1080 	 0.963076 	 114.232700 	 13.736100 	 5.637500 	 0.692600 	 87.861000 	 0.014882 	 0.241837 	 -0.002544 	 0.055181 	 0.015871
1082 	 0.979227 	 82.137200 	 13.745100 	 5.605800 	 0.646000 	 48.901200 	 0.024207 	 0.228249 	 0.004677 	 0.078323 	 0.057702
1083 	 0.998588 	 22.581200 	 14.515600 	 5.318900 	 0.659300 	 -8.148600 	 0.019271 	 0.339800 	 -0.003132 	 0.085779 	 0.008685
1084 	 0.952005 	 77.389400 	 14.479600 	 9.480200 	 0.803900 	 -57.595600 	 0.011664 	 0.284522 	 0.010554 	 0.035250 	 0.000000
1088 	 0.969204 	 2075.941700 	 11.944100 	 12.176400 	 0.889200 	 39.044000 	 0.040052 	 0.306798 	 0.023707 	 0.087115 	 0.022705
1089 	 0.980540 	 25.716800 	 14.394300 	 6.842800 	 0.728100 	 12.597600 	 0.011163 	 0.227246 	 -0.001721 	 0.036573 	 0.001617
1090 	 0.959741 	 1774.345800 	 11.865600 	 11.797900 	 0.738000 	 -83.306200 	 0.034232 	 0.272478 	 0.006144 	 0.172185 	 0.023995
1094 	 0.993495 	 15.652700 	 15.290500 	 4.689300 	 0.857100 	 14.509300 	 0.017333 	 0.249812 	 0.006614 	 0.020084 	 0.000000
1099 	 1.062704 	 20.947300 	 14.082100 	 4.736800 	 0.878400 	 -72.607300 	 0.028555 	 0.138174 	 -0.003176 	 0.309044 	 0.017679
1101 	 0.955037 	 78.810300 	 13.699900 	 6.144300 	 0.732000 	 -53.473900 	 0.015155 	 0.198556 	 -0.007472 	 0.148502 	 0.008862
1102 	 1.011906 	 40.961300 	 14.889200 	 7.711100 	 0.775000 	 57.911600 	 0.021867 	 0.218566 	 0.001613 	 0.035937 	 0.042862
1103 	 0.978540 	 125.986700 	 13.906400 	 8.399600 	 0.786700 	 63.093800 	 0.030924 	 0.273820 	 0.014163 	 0.121609 	 0.020492
1107 	 1.028000 	 6.910000 	 15.972300 	 3.230100 	 0.805000 	 -78.722100 	 0.012768 	 0.149271 	 -0.000522 	 0.114737 	 0.008554
1109 	 1.009513 	 1037.955200 	 12.822400 	 15.070400 	 0.835200 	 -6.568300 	 0.036798 	 0.167975 	 0.001226 	 0.111474 	 0.074186
1111 	 0.961965 	 128.680000 	 14.085900 	 8.320900 	 0.868600 	 -39.490700 	 0.020905 	 0.257623 	 -0.009520 	 0.041693 	 0.003277
1112 	 0.980748 	 60.208800 	 13.850700 	 4.022600 	 0.714600 	 -59.258200 	 0.026429 	 0.285225 	 -0.001807 	 0.035698 	 0.019842
1114 	 1.064676 	 11.858500 	 15.425500 	 5.465000 	 0.670100 	 77.761700 	 0.016002 	 0.201264 	 -0.003259 	 0.060001 	 0.018925
1118 	 0.916129 	 272.079800 	 10.609700 	 5.607000 	 0.683900 	 11.487800 	 0.013228 	 0.134768 	 -0.005602 	 0.046788 	 0.011344
1120 	 1.048700 	 14.257800 	 15.040100 	 6.203200 	 0.901400 	 4.542900 	 0.015573 	 0.194057 	 0.006543 	 0.057313 	 0.025250
1122 	 0.975439 	 28.392600 	 14.784100 	 4.921600 	 0.892400 	 -24.404000 	 0.015558 	 0.152235 	 0.005093 	 0.155349 	 0.046845
1123 	 0.998178 	 20.770800 	 14.739000 	 4.984100 	 0.946900 	 15.788000 	 0.027042 	 0.326762 	 0.005311 	 0.027102 	 0.012488
1124 	 1.040340 	 36.726000 	 13.943500 	 7.299900 	 0.886000 	 71.945900 	 0.032456 	 0.293102 	 0.020926 	 0.003289 	 0.034065
1125 	 1.017287 	 484.527400 	 12.777000 	 13.574300 	 0.647200 	 82.766900 	 0.036385 	 0.118404 	 0.017633 	 0.358217 	 0.048601
1126 	 0.981943 	 410.465000 	 13.169100 	 11.158600 	 0.873600 	 -47.865600 	 0.019512 	 0.228171 	 0.004380 	 0.050219 	 0.013123
1128 	 1.004935 	 74.488200 	 13.639000 	 8.129800 	 0.917700 	 -2.102100 	 0.032917 	 0.319188 	 0.007330 	 0.130742 	 0.018693
1130 	 1.012218 	 15.637900 	 14.797100 	 4.392000 	 0.953100 	 -41.924000 	 0.029796 	 0.237219 	 -0.004788 	 0.035543 	 0.008345
1132 	 0.985266 	 49.511000 	 13.965000 	 4.807300 	 0.530400 	 -17.100200 	 0.025858 	 0.240618 	 0.009702 	 0.061425 	 0.068454
1135 	 1.012463 	 20.752200 	 15.344700 	 5.382600 	 0.832400 	 51.329000 	 0.025886 	 0.239518 	 0.007075 	 0.033714 	 0.021346
1136 	 1.197777 	 395.560400 	 14.032800 	 13.252900 	 0.841300 	 41.729300 	 0.064733 	 0.203715 	 0.017630 	 0.027774 	 0.010963
1137 	 0.985975 	 13.272800 	 15.268700 	 4.579000 	 0.904200 	 61.498700 	 0.007910 	 0.210331 	 -0.006912 	 0.015027 	 0.043947
1138 	 1.002212 	 17.362000 	 14.811200 	 5.650100 	 0.597400 	 70.474500 	 0.020616 	 0.242369 	 -0.000162 	 0.026206 	 0.058114
1139 	 0.989288 	 75.682100 	 14.653100 	 6.753500 	 0.986700 	 88.047700 	 0.023304 	 0.288620 	 0.010744 	 0.089068 	 0.068607
1140 	 1.225397 	 19.378100 	 13.989600 	 7.197200 	 0.835200 	 20.744700 	 0.023662 	 0.196716 	 0.005129 	 0.069042 	 0.015133
1142 	 1.020885 	 44.556200 	 13.206200 	 4.794600 	 0.896300 	 25.900900 	 0.025764 	 0.155176 	 0.001700 	 0.158791 	 0.021488
1143 	 1.395619 	 18.943600 	 13.764300 	 3.841600 	 0.941900 	 -32.754500 	 0.076083 	 0.040659 	 0.012153 	 0.675583 	 0.061691
1144 	 0.995358 	 42.485100 	 14.576700 	 6.177200 	 0.809000 	 35.477900 	 0.014104 	 0.301741 	 0.001118 	 0.045973 	 0.000000
1147 	 0.985423 	 277.382000 	 13.636400 	 11.174100 	 0.761100 	 42.254400 	 0.027036 	 0.296538 	 0.014801 	 0.079218 	 0.026463
1149 	 1.105297 	 14.079100 	 14.418700 	 5.080100 	 0.686000 	 -1.178800 	 0.016567 	 0.148304 	 0.001608 	 0.179709 	 0.022238
1150 	 0.984020 	 23.532600 	 15.221900 	 4.340600 	 0.721600 	 38.036400 	 0.011448 	 0.244602 	 -0.004783 	 0.042786 	 0.015104
1151 	 0.987017 	 72.353500 	 13.413000 	 5.446600 	 0.821900 	 -73.442000 	 0.019393 	 0.182331 	 -0.002116 	 0.075818 	 0.016631
1155 	 1.039451 	 22.318300 	 14.565000 	 3.485300 	 0.698200 	 70.244300 	 0.037048 	 0.101868 	 0.012712 	 0.179307 	 0.114835
1159 	 0.976800 	 55.584500 	 14.484700 	 4.794600 	 0.717700 	 -18.434200 	 0.011043 	 0.200107 	 -0.005567 	 0.106860 	 0.015250
1163 	 0.989647 	 187.992800 	 14.560800 	 10.794300 	 0.641500 	 55.897700 	 0.023276 	 0.254610 	 -0.006065 	 0.045389 	 0.010147
1164 	 1.023827 	 412.310300 	 13.043800 	 11.369600 	 0.777800 	 -13.148100 	 0.046007 	 0.301084 	 0.023696 	 0.085853 	 0.010748
1165 	 1.000891 	 87.907600 	 14.205700 	 9.778900 	 0.883600 	 27.098200 	 0.017120 	 0.263524 	 -0.003234 	 0.036612 	 0.000000
1166 	 1.057385 	 587.570100 	 11.697300 	 11.558500 	 0.739900 	 -49.311100 	 0.027115 	 0.083682 	 0.012648 	 0.174789 	 0.110272
1167 	 20.403690 	 6.316800 	 15.304700 	 1.592300 	 0.686000 	 10.542000 	 0.204138 	 0.164772 	 0.074064 	 0.111051 	 0.025159
1169 	 0.994472 	 22.103300 	 13.787500 	 4.984500 	 0.826300 	 -22.531300 	 0.012456 	 0.253857 	 0.001996 	 0.081822 	 0.004987
1171 	 1.199437 	 12.981300 	 14.295000 	 4.098300 	 0.905500 	 -36.628900 	 0.039530 	 0.150571 	 0.010577 	 0.085366 	 0.027715
1178 	 1.088086 	 119.530200 	 14.382400 	 12.613700 	 0.852100 	 -37.536900 	 0.026161 	 0.195805 	 0.017536 	 0.719757 	 0.009076
1181 	 0.982128 	 39.421700 	 14.978100 	 5.732600 	 0.850100 	 -55.208000 	 0.014279 	 0.277804 	 0.011824 	 0.047604 	 0.020382
1184 	 0.987663 	 1093.354600 	 12.543100 	 11.683300 	 0.717500 	 14.451800 	 0.031230 	 0.230308 	 -0.008525 	 0.026378 	 0.031935
1189 	 1.001314 	 3011.053500 	 11.562000 	 12.945400 	 0.776000 	 -46.057700 	 0.036018 	 0.172183 	 -0.006692 	 0.021661 	 0.035750
1194 	 1.044096 	 44.408300 	 12.710400 	 4.395700 	 0.829100 	 23.655600 	 0.026048 	 0.147137 	 -0.005435 	 0.039641 	 0.008800
1196 	 0.995823 	 44.226400 	 15.161500 	 7.842800 	 0.680700 	 -76.884200 	 0.015289 	 0.234719 	 -0.000016 	 0.130760 	 0.003421
1198 	 1.058042 	 7.053100 	 15.985800 	 4.263500 	 0.958400 	 -78.687000 	 0.015216 	 0.211289 	 0.011624 	 0.068003 	 0.000000
1199 	 1.155977 	 4.609600 	 16.066300 	 4.567200 	 0.713200 	 -30.086700 	 0.019384 	 0.189887 	 0.014758 	 0.092310 	 0.033630
1201 	 0.975229 	 87.426200 	 11.810700 	 5.858700 	 0.874500 	 56.275600 	 0.019936 	 0.107621 	 0.006061 	 0.525265 	 0.161496
1202 	 0.997264 	 27.319200 	 14.670700 	 6.298300 	 0.847700 	 -20.114000 	 0.012231 	 0.190556 	 -0.007506 	 0.083955 	 0.045864
1203 	 0.985130 	 81.941000 	 14.639900 	 9.044500 	 0.827400 	 -19.412000 	 0.017632 	 0.111558 	 -0.002706 	 0.432380 	 0.032272
1204 	 1.000310 	 29.213700 	 14.292500 	 4.566700 	 0.681100 	 -12.017400 	 0.034224 	 0.308285 	 0.008702 	 0.087382 	 0.006757
1206 	 1.024018 	 10.318300 	 16.187500 	 5.586200 	 0.887200 	 -10.696500 	 0.021673 	 0.288651 	 0.003891 	 0.060847 	 0.000000
1208 	 1.119932 	 11.020800 	 15.749200 	 5.935800 	 0.934800 	 64.245800 	 0.023502 	 0.065740 	 0.011052 	 0.394973 	 0.034171
1211 	 0.982361 	 71.227200 	 14.599700 	 7.077500 	 0.814700 	 63.654000 	 0.018094 	 0.270710 	 -0.003344 	 0.123706 	 0.012739
1212 	 1.003924 	 80.595100 	 14.030000 	 6.281400 	 0.831900 	 29.937200 	 0.032265 	 0.284097 	 0.002148 	 0.064768 	 0.009294
1216 	 0.983534 	 250.389200 	 13.812200 	 10.948800 	 0.766900 	 -3.826900 	 0.033549 	 0.294215 	 -0.013828 	 0.088362 	 0.096064
1220 	 1.739484 	 7.634200 	 15.639600 	 2.871200 	 0.707200 	 -52.293500 	 0.094870 	 0.293905 	 0.046895 	 0.179911 	 0.000000
1221 	 0.967676 	 33.360500 	 14.629500 	 4.482700 	 0.796600 	 27.151000 	 0.005667 	 0.192427 	 0.002709 	 0.089466 	 0.020777
1223 	 1.048406 	 16.881700 	 15.044300 	 5.645700 	 0.807300 	 -22.980800 	 0.016282 	 0.215702 	 0.008766 	 0.050447 	 0.031625
1228 	 1.037576 	 27.535200 	 14.643900 	 7.172400 	 0.964100 	 -84.939700 	 0.020540 	 0.097101 	 0.006990 	 0.191197 	 0.022343
1230 	 1.043297 	 36.856200 	 14.856600 	 6.917200 	 0.666400 	 11.234800 	 0.025498 	 0.216626 	 0.027882 	 0.044474 	 0.002011
1231 	 0.991319 	 27.333400 	 15.138500 	 5.087800 	 0.924800 	 81.179900 	 0.008745 	 0.272240 	 0.000916 	 0.086181 	 0.003066
1233 	 0.979566 	 31.394100 	 13.908800 	 3.745400 	 0.741900 	 -53.820900 	 0.010436 	 0.228795 	 0.007595 	 0.028442 	 0.001777
1239 	 1.000486 	 14.817000 	 15.290300 	 3.299300 	 0.644900 	 54.079500 	 0.024296 	 0.158207 	 0.001904 	 0.078533 	 0.020564
1241 	 1.041364 	 20.078800 	 14.681500 	 5.912900 	 0.805300 	 -52.650200 	 0.011270 	 0.159578 	 -0.001046 	 0.047944 	 0.039337
1243 	 1.035786 	 35.243000 	 13.819400 	 6.937900 	 0.745200 	 -10.764800 	 0.016696 	 0.202615 	 0.005211 	 0.025084 	 0.019780
1255 	 0.986456 	 27.047100 	 15.501500 	 7.390800 	 0.982600 	 72.712600 	 0.019095 	 0.330275 	 0.014079 	 0.110768 	 0.093002
1259 	 1.013082 	 35.011100 	 13.497000 	 4.945500 	 0.670100 	 54.351100 	 0.024759 	 0.191561 	 0.006829 	 0.046717 	 0.006738
1261 	 0.980319 	 31.403300 	 15.391800 	 6.445500 	 0.796900 	 29.570500 	 0.017274 	 0.334534 	 0.002632 	 0.077698 	 0.012533
1264 	 0.994645 	 22.583800 	 15.433800 	 6.540400 	 0.674800 	 32.725300 	 0.010206 	 0.220708 	 0.002775 	 0.028607 	 0.000000
1266 	 1.007890 	 16.088000 	 14.854300 	 5.845700 	 0.814600 	 59.012600 	 0.014027 	 0.180514 	 -0.004199 	 0.065055 	 0.000000
1267 	 0.965990 	 83.205900 	 14.097600 	 6.712000 	 0.854100 	 -13.143500 	 0.014318 	 0.282279 	 -0.002926 	 0.015810 	 0.025278
1269 	 1.061069 	 19.691200 	 14.258200 	 6.339900 	 0.952500 	 -72.612400 	 0.021559 	 0.173370 	 0.007180 	 0.068456 	 0.013670
1274 	 0.987864 	 23.707200 	 14.764600 	 6.101000 	 0.851200 	 6.217500 	 0.014745 	 0.266505 	 0.002985 	 0.033295 	 0.043143
1275 	 1.047395 	 24.439400 	 14.527500 	 5.559400 	 0.830600 	 52.746300 	 0.027770 	 0.181204 	 0.006860 	 0.233415 	 0.018917
1276 	 1.057655 	 17.224400 	 15.049400 	 5.532300 	 0.819000 	 -27.965400 	 0.016383 	 0.258002 	 0.009076 	 0.073717 	 0.048883
1277 	 1.071935 	 29.050200 	 13.390800 	 4.090600 	 0.710300 	 -18.638600 	 0.031587 	 0.195002 	 0.001189 	 0.036689 	 0.002101
1280 	 0.976118 	 39.339000 	 15.395300 	 10.342300 	 0.755700 	 61.650100 	 0.011290 	 0.312762 	 0.013873 	 0.085368 	 0.009946
1283 	 1.005223 	 229.633000 	 13.372200 	 8.170000 	 0.714900 	 -66.506900 	 0.030833 	 0.137147 	 -0.000948 	 0.254270 	 0.048256
1285 	 1.001275 	 20.688400 	 14.773600 	 4.413800 	 0.913100 	 -83.089900 	 0.017613 	 0.209111 	 -0.001590 	 0.049893 	 0.000000
1289 	 1.029419 	 18.300900 	 15.192100 	 8.174500 	 0.760200 	 65.569300 	 0.012107 	 0.158368 	 0.002747 	 0.040798 	 0.000000
1297 	 1.037589 	 15.455300 	 14.259000 	 4.815900 	 0.941000 	 85.433400 	 0.017321 	 0.235688 	 0.001061 	 0.023703 	 0.000000
1300 	 1.069017 	 28.336900 	 14.883200 	 5.574700 	 0.911900 	 75.577900 	 0.039756 	 0.294708 	 0.026897 	 0.170187 	 0.025682
1312 	 1.353889 	 12.204700 	 14.555300 	 2.288900 	 0.898900 	 -44.280400 	 0.036362 	 0.131601 	 0.011329 	 0.034063 	 0.000000
1313 	 0.984388 	 21.879700 	 15.515000 	 3.790900 	 0.657000 	 -63.922800 	 0.012936 	 0.255231 	 -0.001953 	 0.026682 	 0.000000
1315 	 1.092842 	 62.832200 	 14.320000 	 9.638700 	 0.764900 	 -6.117200 	 0.032547 	 0.265051 	 0.016536 	 0.052494 	 0.037767
1316 	 1.018728 	 17.593900 	 15.730200 	 4.037400 	 0.606000 	 -46.570400 	 0.020599 	 0.252227 	 0.014499 	 0.124390 	 0.004571
1325 	 1.016635 	 17.381100 	 15.330500 	 4.115900 	 0.655600 	 -72.900300 	 0.024573 	 0.172304 	 0.004483 	 0.081964 	 0.018650
1327 	 1.058224 	 27.096700 	 14.698600 	 9.803900 	 0.734400 	 -37.312100 	 0.015330 	 0.285450 	 0.007839 	 0.074637 	 0.039088
1332 	 1.006574 	 9.787200 	 15.381700 	 3.756800 	 0.596400 	 50.159100 	 0.011482 	 0.168346 	 0.003133 	 0.019790 	 0.021421
1341 	 0.957604 	 79.034000 	 14.090200 	 8.186800 	 0.806900 	 37.034900 	 0.013240 	 0.274558 	 0.006154 	 0.055702 	 0.017900
1344 	 1.164561 	 6.703200 	 15.846000 	 4.235700 	 0.589100 	 -4.736100 	 0.028615 	 0.193017 	 -0.000340 	 0.044203 	 0.000000
1351 	 0.990533 	 170.328500 	 13.635800 	 9.844300 	 0.667000 	 31.727500 	 0.024102 	 0.221680 	 -0.000447 	 0.054702 	 0.030971
1355 	 0.994541 	 78.923800 	 13.197200 	 4.195000 	 0.819400 	 87.750600 	 0.023715 	 0.161207 	 -0.009696 	 0.057632 	 0.014960
1356 	 1.084255 	 172.217000 	 12.033400 	 5.402400 	 0.773000 	 60.827300 	 0.039300 	 0.095975 	 -0.003587 	 0.024889 	 0.017408
1357 	 0.979326 	 83.841000 	 14.046100 	 6.662100 	 0.630500 	 -43.141400 	 0.028860 	 0.212317 	 0.000836 	 0.095642 	 0.059918
1364 	 1.103660 	 11.919500 	 14.781100 	 5.676500 	 0.804600 	 -85.017600 	 0.021968 	 0.225962 	 0.014575 	 0.077718 	 0.007481
1366 	 0.974660 	 87.382000 	 14.497300 	 8.707800 	 0.891600 	 32.168700 	 0.016575 	 0.229260 	 0.004117 	 0.205151 	 0.033234
1368 	 0.978349 	 95.306800 	 13.111500 	 6.263500 	 0.934100 	 -14.665200 	 0.018045 	 0.220683 	 -0.001929 	 0.043941 	 0.012319
1372 	 0.979158 	 103.841800 	 14.339700 	 6.128400 	 0.632800 	 80.489800 	 0.015784 	 0.311547 	 -0.005749 	 0.021762 	 0.010653
1384 	 1.019622 	 21.521800 	 14.571800 	 6.351600 	 0.880900 	 -31.010900 	 0.018712 	 0.207564 	 0.004740 	 0.058381 	 0.013510
1389 	 0.981739 	 21.948300 	 15.536400 	 6.168600 	 0.873800 	 1.705200 	 0.009793 	 0.214247 	 -0.001407 	 0.059482 	 0.000000
1401 	 0.987284 	 58.221300 	 14.474200 	 5.366500 	 0.608200 	 -21.786200 	 0.023344 	 0.251857 	 0.004448 	 0.006030 	 0.055344
1404 	 1.000384 	 36.525600 	 15.407100 	 9.997600 	 0.724100 	 41.006400 	 0.008842 	 0.282382 	 0.015187 	 0.080941 	 0.000000
1412 	 0.981090 	 138.846800 	 14.559200 	 11.094300 	 0.959500 	 -20.601200 	 0.015572 	 0.391391 	 0.009194 	 0.044046 	 0.024467
1415 	 1.035613 	 16.281600 	 14.417500 	 4.251700 	 0.865700 	 9.711400 	 0.011944 	 0.160690 	 0.009215 	 0.034974 	 0.000000
1416 	 1.000528 	 81.158500 	 12.718000 	 6.576600 	 0.658200 	 57.328800 	 0.013568 	 0.129854 	 -0.004359 	 0.068952 	 0.002226
1417 	 1.100704 	 12.235400 	 16.459900 	 5.445100 	 0.775100 	 -28.564500 	 0.039842 	 0.218407 	 0.016340 	 0.074606 	 0.000000
1418 	 0.967627 	 62.566400 	 12.749900 	 5.270700 	 0.800700 	 71.545600 	 0.017993 	 0.173264 	 0.000366 	 0.021136 	 0.006456
1429 	 1.002046 	 91.077100 	 12.865400 	 7.265100 	 0.708100 	 15.873300 	 0.034812 	 0.184817 	 -0.002969 	 0.036225 	 0.020622
1431 	 0.976997 	 49.415800 	 14.597700 	 6.202900 	 0.724400 	 77.487100 	 0.017697 	 0.312251 	 0.003074 	 0.044695 	 0.048944
1433 	 1.009680 	 51.978400 	 14.645400 	 8.570100 	 0.863500 	 24.395100 	 0.019803 	 0.283597 	 0.015515 	 0.089849 	 0.016124
1449 	 0.987685 	 80.545800 	 12.596100 	 5.070700 	 0.722900 	 10.867500 	 0.025553 	 0.179470 	 -0.004241 	 0.079717 	 0.020749
1456 	 0.971749 	 38.672200 	 15.400700 	 6.753700 	 0.836700 	 -39.624200 	 0.010056 	 0.300127 	 0.002173 	 0.043968 	 0.077007
1457 	 1.016891 	 55.762600 	 14.132900 	 8.679900 	 0.971600 	 75.366900 	 0.021963 	 0.203938 	 0.009700 	 0.143219 	 0.015317
1460 	 0.993894 	 11.624700 	 15.654500 	 5.000100 	 0.705500 	 -7.588000 	 0.012795 	 0.240663 	 0.009361 	 0.121719 	 0.062531
1465 	 0.992292 	 55.425100 	 14.095700 	 8.042200 	 0.873200 	 -60.767800 	 0.012543 	 0.205826 	 -0.005413 	 0.051393 	 0.008264
1470 	 1.013179 	 22.074700 	 14.821200 	 6.693000 	 0.800000 	 -79.749900 	 0.020053 	 0.094097 	 0.002891 	 0.207085 	 0.030268
1471 	 0.974521 	 26.278800 	 14.937500 	 4.677200 	 0.788100 	 -15.227700 	 0.016048 	 0.241457 	 0.004011 	 0.032740 	 0.009892
1480 	 1.276407 	 69.862400 	 14.266000 	 9.191700 	 0.853900 	 -85.085600 	 0.034241 	 0.091790 	 0.036568 	 0.405985 	 0.021472
1482 	 0.970517 	 555.169100 	 12.585500 	 11.127800 	 0.736300 	 -61.054500 	 0.012054 	 0.229566 	 0.005065 	 0.040149 	 0.005427
2000 	 1.060233 	 251.198700 	 13.347200 	 10.439200 	 0.629600 	 -80.214500 	 0.033868 	 0.100752 	 0.015430 	 0.232916 	 0.072360
2001 	 1.074863 	 365.614800 	 11.830300 	 6.498900 	 0.705700 	 -11.788800 	 0.047805 	 0.069714 	 0.003855 	 0.133555 	 0.194527
2002 	 1.025985 	 115.787500 	 13.162300 	 7.402300 	 0.901000 	 -14.131900 	 0.035106 	 0.156928 	 -0.005389 	 0.179713 	 0.034004
2005 	 1.058184 	 39.410100 	 13.580000 	 2.622000 	 0.890300 	 80.232400 	 0.049111 	 0.266151 	 0.021604 	 0.119521 	 0.037133
2007 	 0.977625 	 21.687300 	 14.866100 	 3.973000 	 0.834800 	 -31.010200 	 0.017124 	 0.202961 	 -0.014881 	 0.080916 	 0.013976
2009 	 1.030044 	 27.152100 	 13.584000 	 4.001300 	 0.819800 	 42.814500 	 0.038323 	 0.231315 	 -0.008021 	 0.077677 	 0.017712
2010 	 0.979822 	 259.640100 	 13.088600 	 9.983900 	 0.633400 	 23.638800 	 0.022867 	 0.233386 	 -0.001256 	 0.047671 	 0.015661
2013 	 0.956866 	 47.392600 	 13.133900 	 1.265100 	 0.756100 	 56.767700 	 0.012733 	 0.094102 	 0.005204 	 0.244134 	 0.021033
2015 	 0.980231 	 64.249000 	 13.661900 	 4.770900 	 0.855500 	 -50.808500 	 0.023477 	 0.255025 	 0.012009 	 0.041352 	 0.014533
2016 	 0.974731 	 52.441800 	 13.105800 	 4.598500 	 0.902700 	 65.739400 	 0.016608 	 0.195856 	 0.000453 	 0.052116 	 0.015071
2017 	 0.997461 	 28.485200 	 15.020200 	 4.066500 	 0.799100 	 -16.589600 	 0.022586 	 0.229778 	 -0.001952 	 0.068183 	 0.000000
2018 	 0.961609 	 64.906000 	 12.991100 	 4.566500 	 0.837400 	 82.610500 	 0.014409 	 0.207441 	 -0.008266 	 0.077304 	 0.003245
2019 	 0.961847 	 56.889500 	 14.469400 	 7.487500 	 0.877800 	 15.875400 	 0.010729 	 0.200690 	 -0.008980 	 0.050902 	 0.000000
2020 	 1.049912 	 1153.122100 	 12.089300 	 12.453100 	 0.757900 	 61.966900 	 0.094411 	 0.509456 	 0.060490 	 0.455482 	 0.054023
2024 	 1.127807 	 16.955200 	 14.506000 	 3.700700 	 0.672300 	 -33.241100 	 0.033915 	 0.131674 	 0.007029 	 0.297164 	 0.015746
2026 	 0.930546 	 126.627800 	 12.270700 	 4.401500 	 0.814400 	 -53.466100 	 0.017919 	 0.154738 	 -0.003775 	 0.060099 	 0.022977
2028 	 1.064338 	 14.001600 	 15.049600 	 4.598600 	 0.944800 	 60.964700 	 0.024768 	 0.339319 	 0.023950 	 0.145769 	 0.008491
2029 	 1.095241 	 257.396900 	 13.251100 	 9.998900 	 0.750400 	 -83.487000 	 0.109309 	 0.523404 	 0.110435 	 0.394482 	 0.035147
2030 	 1.224881 	 74.001400 	 12.719000 	 4.157200 	 0.825300 	 55.228900 	 0.136563 	 0.263196 	 0.037392 	 0.660968 	 0.099812
2031 	 1.064432 	 41.054400 	 13.213100 	 4.272900 	 0.823800 	 -23.078700 	 0.052518 	 0.210890 	 -0.010205 	 0.023663 	 0.036576
2032 	 0.982112 	 31.717600 	 14.029200 	 3.532500 	 0.893600 	 13.737600 	 0.013399 	 0.225025 	 0.008490 	 0.064904 	 0.007384
2034 	 1.015551 	 20.831800 	 14.080100 	 4.222900 	 0.885300 	 -23.498400 	 0.020355 	 0.246457 	 0.008336 	 0.043471 	 0.000819
2035 	 1.040520 	 43.444000 	 13.981500 	 8.312800 	 0.844500 	 25.427100 	 0.021956 	 0.183293 	 0.000650 	 0.012209 	 0.009404
2039 	 0.978550 	 49.153100 	 13.599300 	 5.335900 	 0.900300 	 -31.390700 	 0.013449 	 0.200768 	 0.002850 	 0.055232 	 0.008997
2040 	 1.036834 	 43.390700 	 13.092100 	 4.593900 	 0.744900 	 -71.779800 	 0.021546 	 0.118947 	 0.001114 	 0.101427 	 0.025361
2042 	 1.020980 	 20.816200 	 14.654000 	 4.707800 	 0.635600 	 -24.270200 	 0.023810 	 0.259161 	 0.010850 	 0.034942 	 0.004430
2043 	 0.985755 	 38.683300 	 15.394700 	 4.366300 	 0.712100 	 26.884300 	 0.019251 	 0.391389 	 0.008182 	 0.242597 	 0.011973
2047 	 0.979137 	 40.520100 	 13.266300 	 2.972700 	 0.784100 	 64.785700 	 0.016496 	 0.217826 	 0.002720 	 0.092113 	 0.014089
2049 	 0.966505 	 135.772600 	 13.368800 	 5.596100 	 0.715500 	 -44.467500 	 0.014771 	 0.196816 	 0.003778 	 0.097868 	 0.055898
2050 	 0.984020 	 1232.524300 	 11.970900 	 11.174300 	 0.906700 	 24.604100 	 0.041858 	 0.118106 	 0.016395 	 0.273460 	 0.029552
2052 	 0.974666 	 97.208500 	 13.686500 	 5.189600 	 0.553100 	 -58.458700 	 0.015450 	 0.226445 	 0.009523 	 0.064292 	 0.018058
2055 	 1.011375 	 17.126300 	 15.525300 	 4.700400 	 0.649100 	 44.146900 	 0.020702 	 0.185485 	 0.003274 	 0.097459 	 0.000000
2057 	 0.978367 	 55.423000 	 14.255900 	 6.778700 	 0.739700 	 -77.425500 	 0.014773 	 0.233805 	 -0.000394 	 0.038108 	 0.042590
2058 	 0.989034 	 43.033300 	 14.954700 	 8.461500 	 0.744600 	 -20.520400 	 0.024168 	 0.328674 	 0.002257 	 0.045083 	 0.018194
2061 	 1.013972 	 15.837300 	 14.629300 	 3.593400 	 0.763700 	 -49.158900 	 0.019836 	 0.172166 	 -0.011096 	 0.035183 	 0.000000
2062 	 0.977031 	 38.876700 	 15.300800 	 7.602500 	 0.881900 	 -22.788500 	 0.012924 	 0.331797 	 0.011038 	 0.169765 	 0.066312
2064 	 0.972548 	 496.794800 	 13.198800 	 11.813900 	 0.831800 	 18.552200 	 0.020007 	 0.246481 	 -0.005221 	 0.035415 	 0.000000
2069 	 2.273406 	 20.390500 	 13.960200 	 4.816500 	 0.791800 	 -46.536200 	 0.077175 	 0.037725 	 0.035499 	 0.537086 	 0.222977
2070 	 0.957777 	 32.026600 	 14.730200 	 6.074500 	 0.785500 	 -60.099700 	 0.010617 	 0.185559 	 -0.004123 	 0.083646 	 0.018603
2071 	 1.044321 	 19.951500 	 14.947700 	 3.515700 	 0.760300 	 -14.979800 	 0.034371 	 0.226016 	 0.008733 	 0.071161 	 0.001429
2072 	 0.998817 	 27.496100 	 14.016100 	 4.977300 	 0.737700 	 18.689200 	 0.024333 	 0.233887 	 0.008238 	 0.016140 	 0.018308
2073 	 0.990215 	 208.257100 	 12.416400 	 7.913900 	 0.621900 	 11.175100 	 0.028298 	 0.213866 	 0.001599 	 0.112472 	 0.010831
2074 	 0.977178 	 49.996600 	 14.971800 	 9.714200 	 0.777700 	 89.264200 	 0.018511 	 0.303103 	 -0.002201 	 0.039338 	 0.013327
2075 	 1.044173 	 31.173400 	 14.988600 	 3.891800 	 0.635500 	 -74.892600 	 0.040061 	 0.217953 	 -0.002705 	 0.044827 	 0.009892
2078 	 1.001111 	 101.717600 	 13.869200 	 9.131700 	 0.830100 	 89.842100 	 0.044164 	 0.270845 	 -0.002703 	 0.149671 	 0.048041
2079 	 1.014850 	 25.750100 	 13.818600 	 3.723400 	 0.774700 	 43.594900 	 0.014998 	 0.260282 	 0.005415 	 0.045360 	 0.008549
2080 	 1.006083 	 117.244800 	 14.515700 	 11.648100 	 0.902700 	 -31.100000 	 0.024319 	 0.122230 	 0.002012 	 0.238363 	 0.062602
2081 	 1.028108 	 10.343800 	 15.079600 	 4.175500 	 0.986200 	 -28.906600 	 0.018715 	 0.260774 	 -0.002761 	 0.080194 	 0.020692
2082 	 0.995760 	 27.502300 	 14.199100 	 5.988400 	 0.981300 	 2.199300 	 0.051549 	 0.399124 	 0.024595 	 1.039523 	 0.438750
2083 	 0.991734 	 25.043000 	 15.333700 	 7.466500 	 0.929900 	 -57.160900 	 0.012434 	 0.245523 	 0.007131 	 0.072608 	 0.002194
2084 	 0.988479 	 26.107700 	 14.705000 	 3.776100 	 0.669700 	 -39.457700 	 0.020417 	 0.244971 	 -0.005419 	 0.085709 	 0.017006
2085 	 1.067362 	 8.823700 	 15.750800 	 3.354500 	 0.755000 	 66.122100 	 0.024393 	 0.173752 	 0.011903 	 0.020512 	 0.000000
2086 	 0.970584 	 51.497400 	 14.541600 	 7.615200 	 0.791600 	 37.689800 	 0.012429 	 0.055865 	 0.005495 	 0.313828 	 0.142371
2093 	 1.035298 	 21.709000 	 14.673700 	 4.478100 	 0.678000 	 16.532200 	 0.026625 	 0.159312 	 0.003683 	 0.255171 	 0.056509
2097 	 1.072490 	 66.122800 	 14.230500 	 9.481100 	 0.699100 	 48.572000 	 0.046011 	 0.180832 	 0.029656 	 0.112665 	 0.020699
2099 	 0.995931 	 9.045700 	 16.097700 	 4.870400 	 0.676200 	 -27.759300 	 0.014984 	 0.229657 	 -0.002808 	 0.102035 	 0.000000
2102 	 0.975462 	 9.835400 	 16.402600 	 4.734000 	 0.691700 	 58.496300 	 0.006781 	 0.229207 	 0.001203 	 0.075807 	 0.000000
2106 	 0.987999 	 36.091200 	 14.204700 	 4.631000 	 0.611900 	 -62.668200 	 0.016394 	 0.255595 	 0.002188 	 0.056399 	 0.002586
2111 	 0.969867 	 49.020800 	 14.939400 	 5.602500 	 0.694800 	 65.182600 	 0.014979 	 0.267739 	 0.001551 	 0.040392 	 0.012302
2112 	 0.973565 	 53.756900 	 14.297800 	 4.634100 	 0.818500 	 -32.668000 	 0.011811 	 0.170702 	 -0.003219 	 0.019276 	 0.031321
2117 	 0.993005 	 139.096700 	 13.772400 	 11.094400 	 0.734700 	 -15.906300 	 0.015505 	 0.280704 	 -0.002786 	 0.028352 	 0.000000
2119 	 1.017316 	 10.000400 	 15.590600 	 3.493600 	 0.769800 	 -37.853200 	 0.018984 	 0.173822 	 0.007805 	 0.089558 	 0.000000
2120 	 0.991165 	 54.023500 	 13.284400 	 6.651700 	 0.832700 	 75.912400 	 0.025694 	 0.254906 	 0.007450 	 0.085452 	 0.030171
2121 	 0.987006 	 14.393500 	 15.677700 	 4.776100 	 0.692500 	 -13.924100 	 0.013564 	 0.238012 	 -0.002923 	 0.056000 	 0.000000
2122 	 1.015639 	 11.983200 	 16.438200 	 3.683100 	 0.403200 	 57.215000 	 0.033377 	 0.273761 	 0.018200 	 0.031058 	 0.000000
2126 	 0.973601 	 37.450700 	 14.762800 	 7.853700 	 0.717400 	 -84.624900 	 0.011439 	 0.231538 	 0.001214 	 0.170958 	 0.044807
2127 	 1.055097 	 1414.787800 	 12.441700 	 11.537500 	 0.703100 	 -75.840000 	 0.063999 	 0.188485 	 -0.011635 	 0.112088 	 0.034216
2139 	 1.034649 	 12.130700 	 15.621200 	 1.878600 	 0.946200 	 -41.305100 	 0.033383 	 0.176357 	 0.006332 	 0.086196 	 0.004257
2141 	 0.996664 	 41.040500 	 13.890000 	 5.567900 	 0.727200 	 38.990200 	 0.018969 	 0.182870 	 -0.005914 	 0.049347 	 0.019463
2144 	 0.971520 	 24.314900 	 14.805700 	 3.593100 	 0.752600 	 47.272600 	 0.008342 	 0.231562 	 0.003361 	 0.029852 	 0.007198
2149 	 0.975513 	 58.823100 	 14.190900 	 7.881900 	 0.874900 	 -64.543300 	 0.011803 	 0.256489 	 0.001378 	 0.032369 	 0.000000
2150 	 1.013214 	 46.408400 	 13.567200 	 6.705900 	 0.878800 	 13.916600 	 0.015247 	 0.176500 	 0.002128 	 0.031533 	 0.000000
2156 	 0.999433 	 25.210200 	 14.317600 	 5.090600 	 0.717900 	 -25.049600 	 0.010214 	 0.185112 	 -0.001118 	 0.039661 	 0.017499
2159 	 1.015751 	 18.474200 	 14.834700 	 5.888000 	 0.931500 	 -18.254400 	 0.012578 	 0.157142 	 0.002385 	 0.064231 	 0.007338
2163 	 1.035514 	 33.100800 	 13.974800 	 6.013700 	 0.695400 	 49.752900 	 0.019549 	 0.189974 	 0.007204 	 0.060093 	 0.000000
2164 	 1.085093 	 14.932900 	 15.513800 	 4.306900 	 0.908500 	 35.904000 	 0.027983 	 0.244423 	 0.011006 	 0.048069 	 0.000000
2167 	 1.228442 	 22.418700 	 13.279300 	 4.671600 	 0.705900 	 42.796500 	 0.025051 	 0.181924 	 0.003386 	 0.028702 	 0.003860
2169 	 1.008041 	 49.544500 	 13.532900 	 4.630000 	 0.805600 	 -50.792600 	 0.021443 	 0.152283 	 0.005488 	 0.083408 	 0.056019
2173 	 0.984734 	 39.205100 	 13.686400 	 4.264200 	 0.677500 	 -16.350600 	 0.014800 	 0.197793 	 0.002224 	 0.043427 	 0.010821
2176 	 1.028903 	 27.434800 	 15.062800 	 5.291000 	 0.603600 	 50.951800 	 0.033146 	 0.095580 	 0.029626 	 0.607734 	 0.041356
2179 	 1.302627 	 10.209200 	 14.976900 	 4.619900 	 0.512400 	 44.527300 	 0.030885 	 0.221703 	 0.004497 	 0.065605 	 0.000000
2181 	 1.008286 	 9.628200 	 16.115400 	 4.721100 	 0.722600 	 -49.354400 	 0.021214 	 0.186139 	 0.009421 	 0.037974 	 0.089603
2184 	 2.293718 	 267.346200 	 13.651200 	 10.751700 	 0.712400 	 14.794300 	 0.294694 	 0.997523 	 0.266904 	 0.627956 	 0.004011
2192 	 0.962734 	 375.688000 	 14.160900 	 13.473200 	 0.647400 	 44.963800 	 0.034571 	 0.350717 	 0.016848 	 0.112841 	 0.000000
2193 	 1.013618 	 5.363000 	 16.587300 	 4.281100 	 0.876000 	 -20.173600 	 0.014324 	 0.118064 	 0.010259 	 0.156033 	 0.030981
2196 	 0.971880 	 23.668000 	 15.373400 	 7.637600 	 0.748400 	 -59.483900 	 0.004326 	 0.315388 	 0.008940 	 0.071445 	 0.003741
2203 	 1.013768 	 53.877700 	 14.215400 	 9.305000 	 0.778500 	 -16.431500 	 0.022784 	 0.263442 	 0.004798 	 0.099512 	 0.017986
2211 	 1.072867 	 46.675800 	 12.899200 	 4.972200 	 0.724600 	 17.636000 	 0.030551 	 0.096561 	 0.004439 	 0.110426 	 0.031194
2214 	 1.027575 	 9.738200 	 15.814700 	 4.203300 	 0.728300 	 47.562500 	 0.019592 	 0.218575 	 0.012876 	 0.086652 	 0.000000
2215 	 1.173636 	 18.450700 	 14.327600 	 5.438600 	 0.724400 	 18.938000 	 0.026408 	 0.198416 	 0.002770 	 0.023401 	 0.012409
2216 	 1.003783 	 10.899200 	 15.559700 	 4.880600 	 0.825500 	 80.743700 	 0.024257 	 0.228512 	 0.005184 	 0.109420 	 0.051788
2217 	 1.152037 	 1181.180400 	 12.891900 	 13.846800 	 0.812900 	 63.948100 	 0.072185 	 0.070319 	 0.011338 	 0.318694 	 0.072056
3000 	 1.050834 	 31.404200 	 14.825100 	 5.439700 	 0.821100 	 63.644500 	 0.034068 	 0.118750 	 0.020291 	 0.164085 	 0.040532
3001 	 1.019460 	 13.019500 	 14.889000 	 4.761700 	 0.918000 	 -12.275100 	 0.025866 	 0.303785 	 -0.003610 	 0.050288 	 0.000969
3002 	 0.988269 	 40.893100 	 13.837600 	 5.514100 	 0.912800 	 87.770900 	 0.017888 	 0.202230 	 0.005512 	 0.114891 	 0.035314
3003 	 0.976541 	 280.292700 	 13.374600 	 12.568700 	 0.768100 	 84.456900 	 0.044428 	 0.441823 	 0.000648 	 0.061061 	 0.002975
3004 	 0.991885 	 96.295800 	 13.406700 	 5.091700 	 0.834400 	 -21.938600 	 0.032460 	 0.269838 	 0.008856 	 0.415736 	 0.049165
3005 	 0.985608 	 88.701700 	 13.946400 	 4.650800 	 0.716100 	 6.436200 	 0.038172 	 0.095562 	 -0.006135 	 0.579803 	 0.017503
3007 	 1.035297 	 13.113500 	 14.666700 	 3.838100 	 0.883200 	 -75.724400 	 0.014621 	 0.211886 	 -0.001340 	 0.073093 	 0.001604
3008 	 0.986678 	 24.027600 	 15.038800 	 6.788100 	 0.954100 	 48.057400 	 0.012354 	 0.258220 	 -0.000985 	 0.032365 	 0.045833
3009 	 1.498263 	 15.337300 	 15.115100 	 5.311400 	 0.731000 	 68.255100 	 0.056409 	 0.038075 	 0.059962 	 1.066565 	 0.088404
3011 	 0.974637 	 129.831800 	 14.174600 	 5.861800 	 0.751600 	 17.759700 	 0.017297 	 0.277830 	 -0.014494 	 0.077683 	 0.012397
3012 	 1.311936 	 52.569200 	 13.922700 	 3.207800 	 0.754000 	 29.236000 	 0.090806 	 0.126081 	 0.094398 	 0.219286 	 0.131281
3013 	 0.995310 	 17.846900 	 14.895400 	 4.795400 	 0.927000 	 -89.253500 	 0.012671 	 0.223683 	 0.000190 	 0.032769 	 0.000000
3014 	 0.989776 	 29.167600 	 14.809000 	 5.937600 	 0.948000 	 66.384400 	 0.035286 	 0.404148 	 0.011710 	 0.048925 	 0.003420
3016 	 1.061546 	 80.877100 	 12.661800 	 4.766500 	 0.748100 	 -24.129100 	 0.042796 	 0.104685 	 0.000884 	 0.033979 	 0.088406
3017 	 1.024699 	 1789.251700 	 13.326700 	 17.932300 	 0.710700 	 -49.502200 	 0.065570 	 0.178903 	 0.012243 	 0.316943 	 0.026663
3018 	 0.966150 	 61.666700 	 13.431300 	 6.623300 	 0.745500 	 -21.601000 	 0.018543 	 0.200683 	 -0.001093 	 0.098569 	 0.020082
3019 	 1.061566 	 15.783900 	 14.592000 	 5.280500 	 0.947600 	 44.944000 	 0.023656 	 0.167649 	 0.001531 	 0.075427 	 0.007358
3020 	 1.023975 	 450.759600 	 12.735100 	 11.124200 	 0.858800 	 60.724800 	 0.030128 	 0.236695 	 0.002596 	 0.129706 	 0.011306
3023 	 1.041267 	 43.843600 	 14.430500 	 6.406900 	 0.999500 	 -74.657900 	 0.056350 	 0.226734 	 0.019054 	 0.068914 	 0.017004
3025 	 1.132451 	 35.412000 	 12.854000 	 3.711500 	 0.768100 	 6.061900 	 0.046339 	 0.194847 	 -0.012439 	 0.092690 	 0.005084
3027 	 0.908241 	 41.761400 	 13.631900 	 2.675200 	 0.676400 	 -32.400500 	 0.012031 	 0.129975 	 -0.011759 	 0.194987 	 0.009573
3028 	 1.060788 	 386.048600 	 12.387700 	 8.727000 	 0.914700 	 53.857400 	 0.061203 	 0.260224 	 0.036013 	 0.131544 	 0.012759
3029 	 1.007971 	 124.378100 	 13.185400 	 6.833300 	 0.750000 	 -42.099900 	 0.029997 	 0.161849 	 0.016780 	 0.061016 	 0.022009
3030 	 1.057745 	 340.409400 	 13.058500 	 14.820000 	 0.834500 	 -17.809100 	 0.015623 	 0.181680 	 0.001350 	 0.075370 	 0.004260
3031 	 1.021877 	 60.784400 	 12.114400 	 1.983100 	 0.746100 	 72.728500 	 0.034613 	 0.030475 	 0.021859 	 0.203616 	 0.143466
3032 	 1.002417 	 24.181800 	 13.632200 	 3.679200 	 0.798900 	 41.721900 	 0.013154 	 0.108189 	 -0.000208 	 0.018925 	 0.019790
3033 	 0.987262 	 284.005200 	 12.699800 	 8.151800 	 0.719100 	 89.297800 	 0.016992 	 0.183996 	 -0.004865 	 0.061655 	 0.010317
3034 	 1.188637 	 44.925600 	 15.010200 	 9.230000 	 0.792200 	 -70.530000 	 0.048069 	 0.083474 	 0.037447 	 0.182455 	 0.040595
3035 	 0.970036 	 97.920200 	 14.789500 	 10.852500 	 0.633600 	 -45.292700 	 0.017099 	 0.180110 	 0.008415 	 0.013622 	 0.030217
3036 	 0.984176 	 47.525700 	 14.582200 	 7.011500 	 0.938600 	 14.664700 	 0.027055 	 0.179744 	 0.008680 	 0.341889 	 0.027148
3038 	 0.993810 	 29.422600 	 14.588000 	 6.467500 	 0.941100 	 22.968900 	 0.014541 	 0.204466 	 0.002261 	 0.014557 	 0.009314
3041 	 1.004488 	 98.009300 	 13.815000 	 8.589400 	 0.831500 	 88.166900 	 0.020631 	 0.132844 	 0.007810 	 0.226347 	 0.032087
3042 	 1.007292 	 34.566500 	 13.979000 	 4.336800 	 0.750900 	 -49.912200 	 0.027320 	 0.247094 	 0.004417 	 0.066383 	 0.006317
3043 	 1.101624 	 26.788600 	 14.164900 	 2.423000 	 0.797600 	 -86.307700 	 0.054043 	 0.270933 	 0.065626 	 0.067843 	 0.011911
3044 	 1.069870 	 21.221800 	 14.086400 	 4.155500 	 0.715000 	 -38.429400 	 0.018863 	 0.177060 	 0.003115 	 0.035739 	 0.016606
3045 	 0.976230 	 93.421900 	 13.541100 	 8.556800 	 0.854900 	 10.755000 	 0.015215 	 0.196917 	 0.000927 	 0.040027 	 0.008960
3046 	 1.102243 	 15.312900 	 15.361100 	 9.205500 	 0.864700 	 -62.103500 	 0.017662 	 0.185219 	 0.011309 	 0.187159 	 0.033524
3048 	 1.099701 	 43.540700 	 14.283900 	 6.517800 	 0.987600 	 57.045200 	 0.028249 	 0.190995 	 0.013274 	 0.074383 	 0.019704
3050 	 1.038206 	 102.113400 	 13.382200 	 6.457600 	 0.649500 	 72.790600 	 0.043071 	 0.253609 	 0.019556 	 0.054634 	 0.033028
3051 	 1.491163 	 89.179700 	 11.686200 	 5.262700 	 0.636700 	 -6.689500 	 0.042214 	 0.099814 	 0.017558 	 0.064538 	 0.009833
3052 	 1.000447 	 27.972600 	 14.460100 	 4.571300 	 0.926300 	 24.758900 	 0.025211 	 0.253266 	 0.009609 	 0.020246 	 0.019649
3054 	 1.004366 	 27.400500 	 14.267400 	 3.769600 	 0.617700 	 36.511400 	 0.029408 	 0.237303 	 -0.009972 	 0.107759 	 0.055769
3055 	 1.003509 	 396.786800 	 13.345600 	 9.922300 	 0.822200 	 44.452400 	 0.044993 	 0.327666 	 0.040224 	 0.190211 	 0.046759
3056 	 0.999547 	 50.193600 	 13.274000 	 5.343400 	 0.769400 	 38.900900 	 0.031945 	 0.257402 	 0.001401 	 0.112629 	 0.014639
3057 	 1.006184 	 35.918400 	 13.950600 	 4.085900 	 0.727100 	 -56.056400 	 0.015475 	 0.163943 	 -0.003726 	 0.051593 	 0.013398
3058 	 1.026721 	 35.496400 	 15.102600 	 10.661900 	 0.700500 	 54.052400 	 0.012204 	 0.176433 	 -0.000441 	 0.094868 	 0.002277
3059 	 1.015310 	 42.666400 	 14.304800 	 4.582900 	 0.843300 	 -74.739300 	 0.025162 	 0.195261 	 -0.001845 	 0.032522 	 0.056020
3062 	 1.020298 	 15.885600 	 15.260000 	 4.535800 	 0.927300 	 -11.722700 	 0.017358 	 0.249043 	 0.001470 	 0.041256 	 0.001182
3065 	 1.114171 	 48.873100 	 14.147600 	 7.576100 	 0.883800 	 72.430500 	 0.036947 	 0.070464 	 0.033427 	 0.370199 	 0.169041
3066 	 1.035414 	 60.718200 	 13.456300 	 6.043200 	 0.794700 	 6.096600 	 0.024636 	 0.221882 	 0.015844 	 0.052343 	 0.013644
3069 	 1.254700 	 20.863800 	 14.339100 	 3.273400 	 0.566800 	 -29.584000 	 0.083922 	 0.312346 	 0.025897 	 0.086601 	 0.000000
3071 	 1.179636 	 125.940500 	 14.565600 	 19.999500 	 0.897700 	 74.146700 	 0.043512 	 0.036416 	 0.026043 	 0.381048 	 0.057595
3073 	 89.423260 	 4.341200 	 16.320200 	 0.018800 	 0.313800 	 -64.096000 	 0.302740 	 0.282920 	 0.171191 	 0.055978 	 0.028613
3074 	 0.982316 	 153.596700 	 13.644100 	 10.908000 	 0.985300 	 -24.804900 	 0.019362 	 0.175911 	 0.011403 	 0.616999 	 0.074869
3075 	 1.057137 	 27.182000 	 14.242000 	 6.451400 	 0.746100 	 -2.198500 	 0.034914 	 0.249389 	 -0.000660 	 0.017031 	 0.000000
3078 	 0.984759 	 29.976600 	 14.564400 	 5.646600 	 0.743600 	 46.955200 	 0.016918 	 0.152414 	 0.001346 	 0.029399 	 0.021616
3079 	 1.126019 	 58.625100 	 13.665900 	 6.135100 	 0.868400 	 34.569700 	 0.078196 	 0.208497 	 -0.003801 	 0.087119 	 0.011860
3080 	 0.979736 	 52.343200 	 13.802800 	 5.290200 	 0.760900 	 -18.540600 	 0.016426 	 0.152486 	 0.010346 	 0.195299 	 0.040809
3083 	 1.004377 	 73.929600 	 13.757900 	 9.754600 	 0.886400 	 78.822900 	 0.014926 	 0.225575 	 0.003816 	 0.055235 	 0.000000
3084 	 0.971293 	 96.838400 	 13.859400 	 4.236600 	 0.847800 	 -67.188800 	 0.024822 	 0.278311 	 0.014283 	 0.156481 	 0.026172
3087 	 1.005241 	 16.017700 	 15.440800 	 6.241100 	 0.824000 	 -69.636600 	 0.011707 	 0.222288 	 -0.001172 	 0.084057 	 0.000000
3088 	 1.065452 	 19.259500 	 13.946200 	 2.530700 	 0.898800 	 38.845600 	 0.025226 	 0.190471 	 0.001717 	 0.116368 	 0.013260
3090 	 0.978985 	 100.501100 	 13.846200 	 8.779800 	 0.904700 	 41.421900 	 0.011547 	 0.253805 	 -0.004420 	 0.044721 	 0.017290
3091 	 8.043047 	 3571.862500 	 9.724200 	 10.596100 	 0.878600 	 -20.302200 	 0.426342 	 1.147566 	 0.414146 	 0.613488 	 0.052989
3092 	 0.977679 	 637.885200 	 12.825300 	 10.692900 	 0.800200 	 -74.777500 	 0.011355 	 0.261123 	 -0.002559 	 0.072961 	 0.104390
3093 	 0.992867 	 36.275800 	 14.685500 	 6.840300 	 0.905000 	 -60.809400 	 0.022911 	 0.185553 	 0.002910 	 0.038486 	 0.049757
3094 	 0.987821 	 19.612400 	 14.719300 	 2.886700 	 0.824000 	 -82.415400 	 0.018478 	 0.200867 	 0.004742 	 0.084152 	 0.002528
3096 	 1.001393 	 58.126200 	 13.602200 	 5.674500 	 0.749900 	 -70.663900 	 0.024610 	 0.111937 	 -0.000826 	 0.013566 	 0.044592
3097 	 1.016595 	 2037.771600 	 12.305300 	 12.694500 	 0.786400 	 1.111000 	 0.075314 	 0.058957 	 0.014897 	 1.082498 	 0.099620
3100 	 1.299137 	 397.412400 	 12.244100 	 9.483900 	 0.793700 	 -12.076200 	 0.158209 	 0.494019 	 0.159480 	 0.361796 	 0.050940
3101 	 1.038115 	 118.697900 	 12.911000 	 7.396600 	 0.793000 	 13.036700 	 0.057565 	 0.187915 	 -0.004250 	 0.043715 	 0.017020
3103 	 1.083137 	 11.507900 	 14.847900 	 3.810400 	 0.680000 	 -55.170100 	 0.028215 	 0.321097 	 0.007082 	 0.044102 	 0.003946
3104 	 0.982659 	 21.901100 	 14.955700 	 5.436400 	 0.873000 	 11.248400 	 0.009717 	 0.199293 	 0.000203 	 0.066280 	 0.033580
3105 	 1.009127 	 28.163300 	 14.053400 	 4.467100 	 0.936900 	 -78.457700 	 0.016713 	 0.184041 	 0.011938 	 0.054840 	 0.013214
3106 	 1.031792 	 7156.554200 	 11.843700 	 19.998700 	 0.920900 	 24.949200 	 0.043708 	 0.186469 	 0.005308 	 0.078602 	 0.031151
3110 	 1.028284 	 14.923600 	 15.814500 	 2.822100 	 0.670400 	 70.522100 	 0.033817 	 0.260478 	 0.014679 	 0.151808 	 0.000000
3113 	 1.013744 	 26.225800 	 14.370400 	 4.404500 	 0.820600 	 -58.263600 	 0.021646 	 0.208009 	 0.007175 	 0.050285 	 0.010000
3114 	 1.073594 	 62.562200 	 14.729200 	 9.766700 	 0.738200 	 -78.113600 	 0.043999 	 0.237794 	 0.027495 	 0.184572 	 0.320896
3115 	 0.942418 	 52.489400 	 12.956200 	 4.715600 	 0.910400 	 84.471700 	 0.015573 	 0.220709 	 -0.007898 	 0.054489 	 0.009158
3117 	 1.363055 	 17.129700 	 13.918400 	 3.844900 	 0.800000 	 76.819700 	 0.044341 	 0.133076 	 0.009699 	 0.124806 	 0.075438
3120 	 1.039611 	 507.726800 	 13.037600 	 11.333800 	 0.877300 	 55.233900 	 0.040642 	 0.122530 	 0.014596 	 0.330202 	 0.024075
3121 	 1.017679 	 15.282000 	 15.058100 	 4.230600 	 0.991500 	 16.083400 	 0.028675 	 0.257775 	 0.009033 	 0.086819 	 0.009179
3122 	 1.308273 	 23.366000 	 14.101200 	 3.695900 	 0.710600 	 59.242100 	 0.054820 	 0.173851 	 0.010659 	 0.155021 	 0.027884
3127 	 0.966188 	 34.951300 	 14.652700 	 6.078800 	 0.737800 	 42.389200 	 0.016729 	 0.302249 	 -0.001521 	 0.169148 	 0.000000
3128 	 1.073362 	 41.089300 	 13.809600 	 5.186600 	 0.756200 	 -52.357100 	 0.032281 	 0.192876 	 0.020364 	 0.088294 	 0.003885
3134 	 1.053055 	 330.120300 	 13.963400 	 13.445000 	 0.858100 	 37.657300 	 0.026715 	 0.031753 	 0.031481 	 0.448097 	 0.485214
3135 	 0.977934 	 45.539200 	 14.081900 	 5.711700 	 0.687000 	 23.971300 	 0.017515 	 0.233838 	 0.010446 	 0.117744 	 0.007391
3138 	 1.023681 	 46.787800 	 13.643500 	 7.184400 	 0.837900 	 9.945100 	 0.022373 	 0.261211 	 0.008191 	 0.063253 	 0.016943
3140 	 0.990245 	 36.966500 	 13.650800 	 3.774600 	 0.801700 	 -12.386100 	 0.027306 	 0.199154 	 -0.011236 	 0.029882 	 0.006425
3143 	 1.094860 	 149.922300 	 12.053500 	 8.902700 	 0.748300 	 24.178500 	 0.020031 	 0.094592 	 0.004050 	 0.549800 	 0.141988
3144 	 1.000368 	 22.559800 	 14.083200 	 2.809300 	 0.975700 	 13.170000 	 0.015686 	 0.193075 	 -0.005042 	 0.021184 	 0.014206
3146 	 1.061363 	 34.291700 	 13.672100 	 5.447100 	 0.831900 	 89.935500 	 0.024204 	 0.082637 	 -0.002364 	 0.300428 	 0.025087
3147 	 1.070212 	 20.232900 	 14.141900 	 2.589500 	 0.610900 	 -8.821200 	 0.031457 	 0.180208 	 0.001763 	 0.022023 	 0.042523
3148 	 1.024487 	 15.605100 	 14.989900 	 4.536500 	 0.882100 	 -74.925300 	 0.025866 	 0.050803 	 0.006379 	 0.210144 	 0.069644
3149 	 1.033108 	 40.992300 	 13.190200 	 3.427900 	 0.722600 	 82.923300 	 0.030536 	 0.196867 	 0.005428 	 0.011967 	 0.014674
3152 	 1.096508 	 132.838900 	 11.646500 	 5.704700 	 0.795100 	 32.699800 	 0.037052 	 0.202904 	 0.005170 	 0.290418 	 0.072533
3154 	 1.011760 	 26.148900 	 14.419800 	 6.356900 	 0.934100 	 78.767100 	 0.012188 	 0.166969 	 -0.001240 	 0.093433 	 0.013185
3155 	 0.970060 	 75.262800 	 13.932100 	 4.998900 	 0.777500 	 9.755200 	 0.017865 	 0.248036 	 0.001637 	 0.103144 	 0.013999
3156 	 1.049288 	 15.025100 	 15.543600 	 5.604700 	 0.860800 	 -89.790700 	 0.016280 	 0.204832 	 0.005308 	 0.038008 	 0.006867
3157 	 1.000004 	 18.814200 	 14.394500 	 3.679600 	 0.887500 	 -28.585000 	 0.018004 	 0.167398 	 -0.004162 	 0.140349 	 0.019992
3159 	 1.015519 	 45.377500 	 13.721600 	 5.069500 	 0.830200 	 -22.963800 	 0.018860 	 0.053355 	 0.009777 	 0.442323 	 0.041348
3160 	 0.990782 	 26.509700 	 14.153200 	 5.338900 	 0.683000 	 19.996100 	 0.014251 	 0.254179 	 -0.002287 	 0.087250 	 0.000000
3164 	 1.042573 	 1690.476700 	 12.192900 	 12.719800 	 0.769500 	 -5.815500 	 0.067737 	 0.147302 	 0.018569 	 0.203328 	 0.040482
3166 	 0.982695 	 52.403000 	 12.784100 	 4.854500 	 0.760300 	 3.201300 	 0.015960 	 0.214381 	 -0.000112 	 0.014760 	 0.004931
3167 	 0.996490 	 64.354100 	 13.687200 	 5.070700 	 0.750700 	 35.957800 	 0.021549 	 0.175301 	 0.000778 	 0.098552 	 0.010175
3168 	 0.991726 	 73.100500 	 14.842000 	 6.078500 	 0.880100 	 28.806200 	 0.027966 	 0.290447 	 0.012970 	 0.066500 	 0.004071
3169 	 1.121188 	 11.553000 	 16.121200 	 5.928700 	 0.531800 	 3.472900 	 0.031171 	 0.203499 	 -0.000560 	 0.088269 	 0.000000
3171 	 1.013725 	 49.341700 	 13.928800 	 4.820300 	 0.747900 	 86.093600 	 0.022809 	 0.153142 	 0.006398 	 0.136269 	 0.035547
3173 	 0.997486 	 68.974200 	 14.045700 	 4.282800 	 0.762200 	 43.463500 	 0.037614 	 0.338965 	 0.008020 	 0.120979 	 0.028799
3174 	 0.922159 	 290.470600 	 12.252500 	 8.779500 	 0.654600 	 -78.608200 	 0.019178 	 0.100409 	 -0.007602 	 0.030784 	 0.009762
3176 	 0.952299 	 39.226300 	 14.425800 	 4.676800 	 0.697700 	 -24.877400 	 0.009652 	 0.232535 	 -0.002300 	 0.175810 	 0.033513
3177 	 1.146396 	 18.141900 	 14.051700 	 3.224900 	 0.679800 	 -54.858700 	 0.051347 	 0.218320 	 0.012481 	 0.084959 	 0.005619
3180 	 0.993767 	 36.907300 	 13.731700 	 2.678800 	 0.710200 	 20.448800 	 0.027953 	 0.148144 	 0.001925 	 0.038638 	 0.017422
3181 	 1.011631 	 128.831800 	 14.425100 	 12.314600 	 0.644300 	 54.143500 	 0.017844 	 0.188980 	 -0.000121 	 0.155062 	 0.020474
3182 	 0.976154 	 32.941100 	 14.237500 	 4.566000 	 0.728100 	 -85.353200 	 0.014581 	 0.233793 	 -0.008318 	 0.039517 	 0.018960
3183 	 1.001034 	 30.456000 	 14.947700 	 5.317600 	 0.742200 	 -65.334000 	 0.028677 	 0.224901 	 0.016079 	 0.099813 	 0.008483
3185 	 1.004021 	 169.386100 	 14.181600 	 9.572100 	 0.824400 	 -32.365500 	 0.027928 	 0.243037 	 0.009861 	 0.170834 	 0.016661
3186 	 1.023370 	 52.256300 	 14.140000 	 7.595100 	 0.725300 	 -22.553100 	 0.037813 	 0.241186 	 -0.003710 	 0.072815 	 0.007560
3189 	 0.996018 	 25.083700 	 14.809500 	 5.481700 	 0.889000 	 -80.417600 	 0.021076 	 0.140327 	 0.000444 	 0.108969 	 0.019632
3195 	 1.038492 	 16.377400 	 14.677700 	 3.823400 	 0.826300 	 -74.887600 	 0.023098 	 0.209513 	 -0.003284 	 0.044309 	 0.035392
3196 	 1.125457 	 27.152100 	 13.735000 	 3.140800 	 0.891900 	 65.527500 	 0.059445 	 0.138294 	 0.021950 	 0.110144 	 0.053754
3201 	 1.003232 	 9.311200 	 15.952500 	 5.646600 	 0.865200 	 74.431600 	 0.012224 	 0.189667 	 -0.000908 	 0.083254 	 0.000000
3203 	 0.991781 	 74.295800 	 14.204900 	 8.305200 	 0.849000 	 51.695800 	 0.026530 	 0.302354 	 0.014177 	 0.066535 	 0.041043
3205 	 1.054559 	 45.041500 	 13.651400 	 6.288900 	 0.942300 	 -83.305600 	 0.069482 	 0.372003 	 0.305989 	 0.263103 	 0.000430
3206 	 0.997974 	 21.325100 	 15.437400 	 6.056800 	 0.771700 	 74.737100 	 0.014647 	 0.218507 	 0.001349 	 0.061589 	 0.010779
3207 	 1.032253 	 22.531200 	 14.113900 	 5.140200 	 0.664600 	 59.297500 	 0.011087 	 0.151762 	 -0.000240 	 0.077277 	 0.034756
3208 	 1.034244 	 19.626700 	 14.614500 	 5.465700 	 0.735900 	 -79.913300 	 0.028417 	 0.198356 	 -0.004262 	 0.060312 	 0.011024
3210 	 0.972018 	 179.648700 	 13.095800 	 10.025000 	 0.818900 	 -38.902400 	 0.016448 	 0.218143 	 -0.000893 	 0.045905 	 0.014671
3211 	 1.004378 	 14.782100 	 15.464200 	 4.706900 	 0.844200 	 59.927900 	 0.012536 	 0.244190 	 -0.005758 	 0.053283 	 0.029772
3212 	 1.053041 	 188.109500 	 13.716600 	 8.660900 	 0.773600 	 -66.742900 	 0.042087 	 0.028492 	 0.033705 	 0.885399 	 0.255365
3218 	 0.971227 	 29.789000 	 15.525000 	 7.003600 	 0.685200 	 81.523900 	 0.009725 	 0.232123 	 -0.004775 	 0.072444 	 0.000000
3222 	 0.919879 	 112.737100 	 12.382600 	 5.534900 	 0.773800 	 -12.074900 	 0.009009 	 0.165589 	 -0.000870 	 0.004151 	 0.004833
3226 	 1.106473 	 28.781200 	 13.608300 	 3.573900 	 0.650000 	 -87.365300 	 0.030921 	 0.144590 	 0.005561 	 0.028319 	 0.020917
3229 	 0.973016 	 131.087000 	 13.208900 	 7.263900 	 0.827400 	 -21.061100 	 0.019404 	 0.148176 	 0.005652 	 0.171630 	 0.056353
3237 	 1.010580 	 27.028800 	 13.386800 	 3.295900 	 0.827400 	 26.061600 	 0.027948 	 0.146609 	 0.006266 	 0.053175 	 0.021379
3244 	 1.024775 	 37.986600 	 14.015600 	 7.688000 	 0.752000 	 -19.050000 	 0.024187 	 0.224291 	 0.009111 	 0.020257 	 0.059911
3245 	 1.307583 	 8.082500 	 15.993800 	 3.125000 	 0.740900 	 -89.795100 	 0.035151 	 0.145513 	 0.002262 	 0.072053 	 0.000000
3247 	 0.968681 	 71.101100 	 13.258700 	 5.491700 	 0.800900 	 -72.259200 	 0.019359 	 0.143149 	 -0.001968 	 0.044419 	 0.038105
3248 	 1.102328 	 239.700700 	 12.364500 	 10.047500 	 0.808000 	 -15.536100 	 0.055646 	 0.167896 	 0.002640 	 0.048090 	 0.016220
3249 	 0.981015 	 71.080800 	 13.750800 	 5.497000 	 0.691800 	 55.641200 	 0.025000 	 0.234101 	 0.013735 	 0.109695 	 0.015177
3252 	 0.971469 	 33.352900 	 14.108200 	 5.171400 	 0.808400 	 7.874300 	 0.012928 	 0.170775 	 -0.009741 	 0.067607 	 0.003022
3265 	 0.981489 	 73.755000 	 13.760300 	 8.125900 	 0.734900 	 -54.500900 	 0.015262 	 0.275034 	 0.002207 	 0.022104 	 0.021184
3267 	 1.018309 	 31.932700 	 14.825800 	 7.138100 	 0.837500 	 -51.186100 	 0.015776 	 0.270394 	 -0.000420 	 0.025275 	 0.040331
3271 	 0.983225 	 37.507000 	 14.452300 	 6.550900 	 0.900200 	 -31.453800 	 0.014505 	 0.205055 	 -0.010259 	 0.075425 	 0.014345
3272 	 1.077148 	 9.022000 	 15.433600 	 5.873600 	 0.757000 	 -24.798900 	 0.012083 	 0.214858 	 0.006643 	 0.049616 	 0.003784
3275 	 1.029541 	 11.298600 	 15.051100 	 4.417100 	 0.927000 	 3.883800 	 0.021095 	 0.187505 	 -0.004029 	 0.015332 	 0.025648
3280 	 1.026871 	 25.352500 	 15.210900 	 7.162400 	 0.865900 	 18.120500 	 0.015370 	 0.236360 	 0.001153 	 0.078878 	 0.031092
3283 	 0.985015 	 87.793400 	 14.573300 	 7.121000 	 0.825200 	 -12.485900 	 0.033503 	 0.192509 	 -0.006181 	 0.282855 	 0.153041
3285 	 1.025558 	 29.132800 	 14.318500 	 3.141200 	 0.655800 	 49.639000 	 0.055740 	 0.190777 	 -0.002770 	 0.378097 	 0.013665
3287 	 1.165768 	 87.355700 	 14.139500 	 7.722700 	 0.792100 	 79.857400 	 0.040503 	 0.043223 	 0.042739 	 0.859134 	 0.062770
3291 	 1.041200 	 16.323200 	 15.051700 	 4.890000 	 0.846500 	 -51.769800 	 0.018450 	 0.210928 	 0.000882 	 0.038852 	 0.012398
3292 	 1.023830 	 29.748900 	 14.076300 	 5.431400 	 0.948500 	 73.191000 	 0.016964 	 0.154280 	 0.003450 	 0.023004 	 0.000000
3296 	 1.042124 	 25.554300 	 15.010800 	 6.993600 	 0.795100 	 79.936700 	 0.054562 	 0.355607 	 0.020145 	 0.086545 	 0.003845
3299 	 1.341455 	 6.511500 	 16.880700 	 2.082600 	 0.877400 	 -39.743200 	 0.054324 	 0.103145 	 0.053756 	 0.815665 	 0.052083
3302 	 1.023950 	 20.696900 	 14.469400 	 5.932500 	 0.788100 	 -67.202100 	 0.017761 	 0.148841 	 0.010532 	 0.073286 	 0.017510
3303 	 1.063487 	 12.251900 	 15.547300 	 3.216100 	 0.745600 	 88.785800 	 0.036858 	 0.225663 	 0.009927 	 0.154358 	 0.017071
3308 	 0.989000 	 32.839500 	 14.728400 	 5.752500 	 0.841300 	 -73.478500 	 0.020600 	 0.180991 	 -0.001021 	 0.068012 	 0.061122
3313 	 1.007613 	 37.016000 	 13.329900 	 4.495100 	 0.890200 	 36.816100 	 0.023983 	 0.190584 	 0.008406 	 0.071227 	 0.026366
3314 	 0.973274 	 44.346100 	 13.909700 	 5.044600 	 0.966500 	 -51.104800 	 0.017072 	 0.245783 	 -0.001846 	 0.168578 	 0.020693
3315 	 0.984786 	 24.448900 	 15.097500 	 4.479700 	 0.787800 	 -33.067000 	 0.014304 	 0.223305 	 -0.004261 	 0.092271 	 0.030675
3318 	 1.223085 	 18.447100 	 14.087600 	 3.406500 	 0.552300 	 19.206000 	 0.040733 	 0.210521 	 0.005825 	 0.066266 	 0.028396
3319 	 0.982885 	 25.407300 	 14.605700 	 3.405500 	 0.874300 	 -3.111200 	 0.017296 	 0.204538 	 0.006824 	 0.026110 	 0.009079
3320 	 1.093488 	 42.807700 	 13.137200 	 4.253300 	 0.843900 	 -83.489800 	 0.059125 	 0.247990 	 0.000872 	 0.305486 	 0.010736
3323 	 0.989825 	 33.406600 	 13.817600 	 4.236200 	 0.662700 	 6.574300 	 0.016155 	 0.151563 	 0.001447 	 0.028827 	 0.063025
3325 	 1.079505 	 17.453700 	 14.453300 	 4.698000 	 0.930400 	 -5.816400 	 0.035321 	 0.184704 	 -0.009562 	 0.034881 	 0.016697
3326 	 1.165302 	 39.453200 	 12.460800 	 1.995900 	 0.590100 	 36.161000 	 0.053168 	 0.136058 	 0.000942 	 0.042537 	 0.020028
3327 	 1.010240 	 12.232200 	 15.660700 	 3.329900 	 0.562200 	 -41.802500 	 0.024909 	 0.256278 	 0.010099 	 0.053411 	 0.014692
3328 	 1.047367 	 19.651100 	 13.926200 	 4.519100 	 0.776800 	 -19.889600 	 0.014156 	 0.202794 	 0.005843 	 0.084200 	 0.021987
3330 	 1.557068 	 25.639500 	 14.177600 	 6.475000 	 0.871900 	 -32.952900 	 0.054085 	 0.152887 	 0.025521 	 0.126656 	 0.022127
3336 	 1.039768 	 31.555900 	 13.846700 	 4.664500 	 0.899400 	 -67.271900 	 0.016096 	 0.203726 	 0.004094 	 0.009138 	 0.022847
3337 	 0.965265 	 20.658900 	 15.090100 	 4.366300 	 0.575200 	 -12.842100 	 0.015102 	 0.150780 	 -0.003088 	 0.200413 	 0.018393
3338 	 1.245136 	 19.789300 	 13.746300 	 4.972200 	 0.797100 	 86.290300 	 0.076592 	 0.202250 	 0.005328 	 0.074319 	 0.011442
3340 	 0.985934 	 34.735200 	 14.476600 	 5.114000 	 0.739400 	 -71.409600 	 0.029411 	 0.266168 	 0.002205 	 0.068776 	 0.000000
3347 	 0.978375 	 59.497100 	 14.484100 	 6.834300 	 0.871100 	 25.385800 	 0.009781 	 0.295526 	 0.004604 	 0.060539 	 0.004382
3349 	 0.990132 	 35.208700 	 14.433700 	 3.215000 	 0.835500 	 83.394900 	 0.024609 	 0.230666 	 0.015827 	 0.216652 	 0.033391
3354 	 0.967419 	 66.557900 	 14.705100 	 7.533500 	 0.766600 	 -4.566100 	 0.014905 	 0.269048 	 0.010859 	 0.055949 	 0.009045
3355 	 1.015752 	 21.674300 	 14.884700 	 7.457600 	 0.757500 	 36.538400 	 0.016031 	 0.238810 	 0.010750 	 0.071050 	 0.000000
3357 	 0.931121 	 39.583400 	 13.313000 	 2.653800 	 0.758300 	 70.047900 	 0.017716 	 0.120335 	 -0.000558 	 0.019834 	 0.014902
3362 	 0.994920 	 172.942500 	 14.064300 	 9.089800 	 0.617200 	 16.810200 	 0.033317 	 0.237770 	 -0.001251 	 0.079650 	 0.040060
3369 	 1.077330 	 60.885700 	 13.707700 	 7.905900 	 0.880700 	 21.293100 	 0.018402 	 0.135070 	 0.009699 	 0.038610 	 0.008545
3372 	 1.033771 	 32.810500 	 15.775000 	 8.051800 	 0.574900 	 15.694300 	 0.047653 	 0.294667 	 0.026347 	 0.059901 	 0.129663
3375 	 1.044032 	 55.992900 	 12.293800 	 3.879500 	 0.945900 	 -63.103000 	 0.009632 	 0.223827 	 -0.001370 	 0.105164 	 0.008512
3376 	 0.970797 	 27.434900 	 14.580600 	 4.634600 	 0.691800 	 65.915700 	 0.015631 	 0.239407 	 0.008991 	 0.049878 	 0.004452
3380 	 0.997217 	 56.703600 	 15.001200 	 7.143900 	 0.608900 	 18.574200 	 0.019555 	 0.193222 	 0.003390 	 0.022749 	 0.077741
3381 	 1.061854 	 38.361500 	 14.077900 	 7.820300 	 0.898100 	 30.182100 	 0.050630 	 0.309363 	 0.030232 	 0.065133 	 0.031255
3386 	 1.088644 	 197.315000 	 13.468900 	 9.348500 	 0.873200 	 53.665000 	 0.057389 	 0.143302 	 0.028791 	 0.602093 	 0.022074
3389 	 0.972319 	 66.789400 	 13.228600 	 6.932300 	 0.863600 	 51.459800 	 0.013242 	 0.158608 	 -0.004449 	 0.048173 	 0.027303
3390 	 1.019779 	 15.557800 	 15.003700 	 5.114200 	 0.758200 	 -85.015900 	 0.016625 	 0.175595 	 -0.000035 	 0.045133 	 0.000000
3395 	 1.013784 	 145.543200 	 14.160900 	 11.432400 	 0.795900 	 -68.530900 	 0.051245 	 0.454086 	 0.012429 	 0.059530 	 0.049241
3404 	 0.981812 	 166.000600 	 13.361900 	 8.311200 	 0.939800 	 -37.931700 	 0.025366 	 0.296484 	 -0.010271 	 0.087182 	 0.024207
3407 	 1.017408 	 59.346700 	 13.789700 	 7.454700 	 0.692700 	 66.552600 	 0.029345 	 0.138056 	 0.012240 	 0.205611 	 0.031024
3408 	 0.988074 	 38.385100 	 14.628400 	 7.745700 	 0.819500 	 -73.626800 	 0.009517 	 0.195749 	 0.002581 	 0.114168 	 0.010207
3411 	 1.439023 	 18.660800 	 14.819900 	 3.539100 	 0.766500 	 -71.719700 	 0.041630 	 0.220540 	 0.030233 	 0.095060 	 0.010935
3417 	 1.051390 	 11.284700 	 15.560200 	 5.378000 	 0.940500 	 81.740800 	 0.017843 	 0.218863 	 0.013844 	 0.052591 	 0.016194
3422 	 0.974232 	 62.210100 	 13.900900 	 5.418900 	 0.793200 	 76.260100 	 0.016844 	 0.260600 	 0.011263 	 0.019881 	 0.023329
3424 	 1.061495 	 15.251700 	 14.745300 	 2.824200 	 0.869200 	 69.463900 	 0.030650 	 0.266593 	 0.006042 	 0.061670 	 0.007623
3425 	 1.032885 	 32.906400 	 14.153400 	 6.468500 	 0.847700 	 32.743700 	 0.014428 	 0.199076 	 0.003583 	 0.061110 	 0.011558
3430 	 1.028356 	 658.014300 	 12.705000 	 9.166800 	 0.730500 	 -18.202200 	 0.046685 	 0.209319 	 0.008898 	 0.147122 	 0.013924
3438 	 1.170109 	 5.465400 	 16.443800 	 2.034700 	 0.615100 	 44.156900 	 0.037570 	 0.154313 	 0.014137 	 0.016130 	 0.000000
3446 	 0.976693 	 38.241000 	 15.545800 	 9.132000 	 0.792600 	 -45.289300 	 0.013266 	 0.312829 	 0.005498 	 0.043208 	 0.000000
3447 	 1.040161 	 43.311200 	 14.243100 	 7.367600 	 0.686000 	 54.304400 	 0.025690 	 0.224074 	 0.002710 	 0.077313 	 0.001668
3456 	 0.973809 	 27.976500 	 14.441300 	 4.748000 	 0.685100 	 -37.532600 	 0.012903 	 0.206098 	 0.000794 	 0.079566 	 0.022319
3461 	 1.137829 	 17.965700 	 14.728300 	 5.707700 	 0.931200 	 -16.883500 	 0.053191 	 0.231063 	 0.030874 	 0.140991 	 0.059634
3462 	 1.057688 	 19.844300 	 14.247200 	 5.117600 	 0.627200 	 72.769900 	 0.020566 	 0.183886 	 0.002772 	 0.050111 	 0.000937
3465 	 0.996707 	 90.172400 	 14.319500 	 12.035500 	 0.864800 	 79.137400 	 0.019344 	 0.246673 	 -0.004033 	 0.053382 	 0.000553
3468 	 0.976709 	 77.976300 	 14.833900 	 8.361500 	 0.934100 	 2.852200 	 0.017929 	 0.194150 	 -0.005052 	 0.183573 	 0.042562
3470 	 0.970582 	 77.904400 	 13.504200 	 6.386400 	 0.771700 	 -21.525400 	 0.013903 	 0.255273 	 -0.003397 	 0.077595 	 0.015396
3473 	 1.036265 	 17.267700 	 15.142500 	 3.418100 	 0.858000 	 29.145300 	 0.033739 	 0.204580 	 0.023716 	 0.070605 	 0.084923
3474 	 1.102469 	 11.793000 	 14.560500 	 4.137600 	 0.859600 	 -70.752900 	 0.015919 	 0.089944 	 0.004063 	 0.076607 	 0.024537
3475 	 1.015839 	 56.929400 	 15.475500 	 10.201700 	 0.748500 	 -70.173900 	 0.018919 	 0.171146 	 -0.002528 	 0.033266 	 0.000000
3476 	 0.988309 	 70.716500 	 13.922200 	 6.793400 	 0.894100 	 64.038900 	 0.015307 	 0.152698 	 0.002444 	 0.066417 	 0.009454
3478 	 0.986563 	 37.594100 	 14.449400 	 6.429700 	 0.742800 	 -64.537400 	 0.008154 	 0.199389 	 -0.008725 	 0.062941 	 0.000000
3481 	 0.974607 	 105.712600 	 15.293600 	 19.999800 	 0.820500 	 4.595500 	 0.028353 	 0.384610 	 -0.014904 	 0.152579 	 0.006231
3499 	 1.034436 	 6.178400 	 16.260400 	 5.842100 	 0.879500 	 2.725800 	 0.011247 	 0.213494 	 -0.001449 	 0.032133 	 0.000000
3500 	 1.065939 	 19.643800 	 14.363200 	 3.561200 	 0.650200 	 54.737800 	 0.020613 	 0.136395 	 -0.003409 	 0.054558 	 0.000000
3506 	 0.999480 	 13.793000 	 15.014200 	 3.362400 	 0.881600 	 -2.595300 	 0.020341 	 0.257068 	 0.006893 	 0.024927 	 0.000000
3512 	 1.038547 	 14.461100 	 15.200000 	 4.700700 	 0.962600 	 -70.367500 	 0.014992 	 0.132694 	 0.003884 	 0.069213 	 0.013699
3514 	 0.946697 	 68.649000 	 12.545400 	 4.568400 	 0.716000 	 -72.382100 	 0.022993 	 0.165254 	 -0.007360 	 0.056553 	 0.009575
3518 	 1.053594 	 42.420400 	 14.472200 	 6.706800 	 0.931400 	 -57.348500 	 0.034422 	 0.182169 	 0.019823 	 0.091490 	 0.019221
3524 	 1.071333 	 9.267800 	 15.844100 	 5.765400 	 0.933700 	 41.747400 	 0.015969 	 0.227118 	 0.001382 	 0.083840 	 0.000000
3529 	 0.981229 	 39.900400 	 14.062600 	 5.701700 	 0.843100 	 19.033100 	 0.014667 	 0.193556 	 -0.015592 	 0.048805 	 0.023057
3531 	 1.027235 	 19.749600 	 14.206200 	 4.381600 	 0.888700 	 -11.056700 	 0.027102 	 0.128555 	 -0.004559 	 0.064097 	 0.056102
3539 	 1.563797 	 27.568800 	 14.000700 	 5.233400 	 0.690800 	 -34.284700 	 0.046812 	 0.156623 	 0.032941 	 0.054450 	 0.000437
3542 	 4.845529 	 56.567300 	 12.655200 	 6.914400 	 0.616800 	 88.219000 	 0.070278 	 0.161702 	 0.022005 	 0.027564 	 0.004626
3551 	 1.015702 	 22.470900 	 14.404500 	 3.812700 	 0.767700 	 73.691100 	 0.022770 	 0.192083 	 -0.000540 	 0.010757 	 0.005521
3553 	 1.261409 	 23.707600 	 13.934000 	 5.650000 	 0.930800 	 -0.318200 	 0.051264 	 0.190754 	 0.000238 	 0.059211 	 0.002142
3558 	 0.994444 	 54.634800 	 14.009200 	 7.437900 	 0.821900 	 14.504500 	 0.022438 	 0.219619 	 -0.000209 	 0.021745 	 0.048372
3577 	 0.996828 	 88.402500 	 13.805500 	 9.071600 	 0.884200 	 68.568400 	 0.024220 	 0.233118 	 0.016926 	 0.043561 	 0.022714
3578 	 0.984048 	 15.840300 	 15.333300 	 6.930700 	 0.996900 	 5.358000 	 0.005591 	 0.219734 	 0.004414 	 0.042270 	 0.038294
3583 	 0.980652 	 26.402900 	 14.171900 	 3.868300 	 0.873500 	 -42.486400 	 0.017297 	 0.217489 	 -0.001494 	 0.036674 	 0.003278
3586 	 1.059994 	 46.245700 	 14.440600 	 6.505100 	 0.802700 	 -69.012300 	 0.040062 	 0.167627 	 0.004653 	 0.096252 	 0.096693
3597 	 1.058935 	 20.810600 	 14.736500 	 3.962900 	 0.977800 	 7.586300 	 0.021415 	 0.104731 	 0.001296 	 0.100492 	 0.037807
3599 	 0.988984 	 67.504900 	 14.168100 	 10.122100 	 0.832900 	 63.278200 	 0.020904 	 0.201853 	 0.007718 	 0.029111 	 0.076429
3602 	 1.002899 	 16.993700 	 15.181900 	 5.538400 	 0.689400 	 25.643300 	 0.016224 	 0.185787 	 0.005049 	 0.056694 	 0.000000
3606 	 0.982051 	 41.744100 	 14.305400 	 6.031000 	 0.775800 	 -47.935000 	 0.024699 	 0.219620 	 0.004952 	 0.046909 	 0.000203
3607 	 1.403530 	 50.715100 	 12.007200 	 6.298200 	 0.813400 	 -2.250100 	 0.029797 	 0.149475 	 0.003848 	 0.005235 	 0.001967
3610 	 1.033884 	 64.379500 	 12.876900 	 7.054600 	 0.731400 	 -84.852000 	 0.026397 	 0.194274 	 0.001927 	 0.131485 	 0.008728
3613 	 1.147515 	 18.826900 	 14.893300 	 4.555700 	 0.787800 	 -9.564500 	 0.040252 	 0.240591 	 0.014549 	 0.006828 	 0.000542
3619 	 1.038978 	 8.202800 	 16.031400 	 4.916100 	 0.927800 	 -76.747600 	 0.012412 	 0.163598 	 0.009087 	 0.088900 	 0.000000
3628 	 1.024384 	 49.535900 	 12.948300 	 5.159100 	 0.909800 	 0.936800 	 0.026818 	 0.163360 	 0.009909 	 0.162440 	 0.018856
3634 	 1.009664 	 10.797100 	 15.709400 	 6.655300 	 0.958400 	 -39.432900 	 0.008662 	 0.246695 	 0.004761 	 0.164389 	 0.050744
3641 	 1.055287 	 16.614200 	 14.619000 	 4.447400 	 0.875900 	 -58.480100 	 0.022613 	 0.222208 	 -0.001243 	 0.033184 	 0.000000
3646 	 0.988121 	 43.435800 	 13.636200 	 7.202000 	 0.761300 	 -44.420000 	 0.014052 	 0.234022 	 0.001674 	 0.020589 	 0.007288
3647 	 1.098674 	 29.630900 	 14.114200 	 6.543500 	 0.607600 	 -11.008400 	 0.017517 	 0.214487 	 0.009739 	 0.065408 	 0.024933
