1000 	 fail 	 0 	 0 	 0 	 0 	 0 	 0 	 0 	 0 	 0 	 0 	 0 	 0 
1001 	 0.962564 	 10.608700 	 14.767400 	 3.357300 	 0.823300 	 -33.584900 	 39.495700 	 14.559800 	 0.665100 	 -33.694300 	 0.013717	 0.259257 	 0.007308 	 0.090316 	 0.041068
1005 	 fail 	 0 	 0 	 0 	 0 	 0 	 0 	 0 	 0 	 0 	 0 	 0 	 0 
1009 	 1.024194 	 16.753800 	 14.892300 	 4.944100 	 0.803100 	 -44.648100 	 15.307200 	 17.711000 	 0.876700 	 39.870900 	 0.014520	 0.038896 	 0.017416 	 0.334488 	 0.140320
1011 	 0.979444 	 347.463300 	 13.059500 	 9.001200 	 0.836600 	 80.915700 	 30.925800 	 16.805800 	 0.751800 	 -8.412700 	 0.022340	 0.227619 	 0.005266 	 0.125029 	 0.019356
1012 	 0.974028 	 13.610800 	 15.239100 	 3.677000 	 0.900000 	 39.090200 	 29.131700 	 15.918700 	 0.816300 	 26.783200 	 0.009120	 0.298719 	 0.011488 	 0.094891 	 0.033936
1013 	 1.001211 	 5.661000 	 16.033200 	 2.234700 	 0.762600 	 -26.665000 	 23.750100 	 14.965400 	 0.557800 	 -23.224600 	 0.028043	 0.374717 	 0.116442 	 0.118516 	 0.045862
1015 	 1.002641 	 9.895800 	 15.771200 	 5.319100 	 0.724300 	 -47.430200 	 10.854300 	 17.670700 	 0.529100 	 -63.135000 	 0.012269	 0.203757 	 0.002593 	 0.051862 	 0.003988
1016 	 0.942875 	 8.085200 	 15.898800 	 1.453500 	 0.793900 	 -78.869900 	 35.994000 	 14.952300 	 0.593600 	 -82.055100 	 0.009974	 0.204715 	 -0.001324 	 0.128517 	 0.056280
1017 	 0.996676 	 4.859000 	 16.054800 	 1.292700 	 0.772000 	 -3.066400 	 39.151300 	 13.913200 	 0.694900 	 33.008800 	 0.027423	 0.298172 	 0.028700 	 0.078243 	 0.004650
1018 	 0.979888 	 5.994500 	 16.155300 	 1.773400 	 0.848800 	 33.274000 	 22.609400 	 15.032000 	 0.740300 	 20.803300 	 0.011114	 0.279100 	 0.012601 	 0.030613 	 0.029511
1019 	 0.950069 	 49.876500 	 14.225000 	 4.987900 	 0.679700 	 45.507400 	 84.533200 	 15.557800 	 0.465900 	 37.605500 	 0.015653	 0.135232 	 0.006677 	 0.396081 	 0.090484
1020 	 1.130350 	 145.962000 	 13.064300 	 7.467300 	 0.753600 	 -27.729800 	 11.328800 	 15.466300 	 0.862700 	 -51.941400 	 0.033306	 0.028574 	 0.041336 	 0.606144 	 0.084854
1021 	 1.024775 	 7.127200 	 15.574500 	 3.545500 	 0.912300 	 34.334700 	 22.439800 	 16.342400 	 0.781600 	 14.855900 	 0.014038	 0.202152 	 0.008007 	 0.058080 	 0.027349
1024 	 0.942382 	 46.744400 	 14.019500 	 4.345200 	 0.743300 	 44.869500 	 47.558000 	 15.459500 	 0.872100 	 -38.714100 	 0.009218	 0.253592 	 0.000559 	 0.027491 	 0.003888
1025 	 0.926803 	 27.022300 	 13.503600 	 3.211400 	 0.800800 	 9.908900 	 66.492100 	 13.191500 	 0.711300 	 -32.419800 	 0.014976	 0.118944 	 0.009619 	 0.225793 	 0.070035
1026 	 1.073757 	 14.337200 	 14.915800 	 4.969600 	 0.830100 	 -82.503700 	 23.637400 	 17.116100 	 0.308700 	 -83.064100 	 0.018310	 0.270243 	 0.016584 	 0.145296 	 0.015998
1027 	 1.112733 	 7.700100 	 15.330500 	 2.580500 	 0.960000 	 -88.388000 	 19.237400 	 16.028400 	 0.634600 	 -48.538800 	 0.026731	 0.368118 	 0.080076 	 0.285461 	 0.028479
1028 	 0.951530 	 27.961400 	 15.010600 	 6.353900 	 0.857200 	 8.976000 	 132.182400 	 12.766300 	 0.137400 	 -1.756700 	 0.014693	 0.357689 	 0.005166 	 0.038661 	 0.000000
1030 	 1.043159 	 42.220300 	 14.311400 	 6.191000 	 0.681700 	 -41.911900 	 0.010000 	 33.533500 	 0.842600 	 -84.604400 	 0.015930	 0.215231 	 0.004034 	 0.049262 	 0.000900
1032 	 0.981713 	 51.984000 	 12.463100 	 3.945900 	 0.832900 	 -80.940300 	 36.238800 	 14.680000 	 0.510200 	 -60.376200 	 0.022277	 0.221420 	 0.038597 	 0.153807 	 0.016853
1034 	 1.223122 	 61.014400 	 13.920600 	 7.196900 	 0.933700 	 -32.657100 	 0.006328 	 39.117600 	 0.050000 	 -5.212600 	 0.061014	 0.147902 	 0.063086 	 0.549625 	 0.055108
1036 	 1.009601 	 4.489300 	 16.157000 	 2.728500 	 0.602800 	 13.251400 	 10.208800 	 16.299100 	 0.843900 	 -16.161600 	 0.013513	 0.203475 	 -0.000450 	 0.073813 	 0.000000
1038 	 0.997634 	 4.914300 	 16.049000 	 1.777200 	 0.814800 	 -82.921400 	 20.048700 	 15.961800 	 0.629600 	 23.051300 	 0.016646	 0.228544 	 0.013013 	 0.118413 	 0.026107
1039 	 1.191562 	 49.529200 	 14.321700 	 5.650900 	 0.667900 	 3.223000 	 25.941900 	 15.526900 	 0.428100 	 38.301800 	 0.044300	 0.093074 	 0.048875 	 0.275988 	 0.050975
1040 	 fail 	 0 	 0 	 0 	 0 	 0 	 0 	 0 	 0 	 0 	 0 	 0 	 0 
1041 	 1.057038 	 92.585600 	 13.513500 	 8.338700 	 0.715000 	 43.057900 	 0.008009 	 19.201700 	 0.007774 	 -85.344100 	 0.019846	 0.141189 	 0.010821 	 0.115244 	 0.020566
1042 	 1.102105 	 6.542200 	 15.834000 	 3.493400 	 0.817000 	 -3.666000 	 15.388100 	 16.062900 	 0.865400 	 -57.960700 	 0.019720	 0.144844 	 0.006558 	 0.083129 	 0.038609
1043 	 1.070506 	 71.219600 	 13.794800 	 4.818500 	 0.935000 	 6.294300 	 0.016400 	 16.982000 	 0.445700 	 -76.625000 	 0.089663	 0.290748 	 0.081900 	 0.378282 	 0.050827
1044 	 0.977874 	 27.707400 	 14.798800 	 2.932600 	 0.687400 	 77.809500 	 88.412900 	 14.139500 	 0.280700 	 69.717600 	 0.019411	 0.242254 	 -0.008447 	 0.193781 	 0.018621
1047 	 0.981617 	 4.748400 	 16.025500 	 1.753600 	 0.920200 	 85.607800 	 22.385300 	 14.761400 	 0.714200 	 -78.294800 	 0.010001	 0.273473 	 0.016769 	 0.074854 	 0.012089
1048 	 1.493161 	 5.019200 	 16.200500 	 0.980800 	 0.527000 	 76.534300 	 17.037900 	 14.951000 	 0.617600 	 57.065000 	 0.069259	 0.062301 	 0.048598 	 0.351434 	 0.049065
1050 	 1.002802 	 5.718800 	 14.947900 	 1.912300 	 0.777800 	 -37.460600 	 20.818400 	 14.267800 	 0.872900 	 -45.367700 	 0.014083	 0.173388 	 -0.002814 	 0.034324 	 0.008674
1051 	 fail 	 0 	 0 	 0 	 0 	 0 	 0 	 0 	 0 	 0 	 0 	 0 	 0 
1053 	 1.007967 	 3.239900 	 16.414700 	 1.500600 	 0.720800 	 29.518900 	 10.777200 	 16.000800 	 0.801600 	 29.803400 	 0.009939	 0.220834 	 0.005013 	 0.072751 	 0.047347
1057 	 1.038615 	 8.767000 	 15.073400 	 2.653400 	 0.952100 	 -22.108200 	 26.336700 	 14.848200 	 0.752400 	 -40.916900 	 0.017202	 0.216179 	 0.006859 	 0.068054 	 0.003461
1058 	 0.991287 	 8.511100 	 15.334500 	 1.646400 	 0.819600 	 -79.745300 	 36.061000 	 14.491500 	 0.638100 	 -84.254600 	 0.020711	 0.068017 	 0.012933 	 0.588661 	 0.232143
1059 	 0.977550 	 35.203500 	 15.214200 	 7.817700 	 0.873200 	 65.760500 	 16.063300 	 17.070800 	 0.582400 	 53.628300 	 0.009727	 0.182750 	 0.007701 	 0.180659 	 0.059410
1061 	 1.113581 	 6.151800 	 14.326000 	 3.517300 	 0.652900 	 -87.075500 	 15.880400 	 15.073900 	 0.759200 	 -86.032900 	 0.010555	 0.167706 	 0.001360 	 0.049111 	 0.012734
1066 	 fail 	 0 	 0 	 0 	 0 	 0 	 0 	 0 	 0 	 0 	 0 	 0 	 0 
1067 	 fail 	 0 	 0 	 0 	 0 	 0 	 0 	 0 	 0 	 0 	 0 	 0 	 0 
1069 	 fail 	 0 	 0 	 0 	 0 	 0 	 0 	 0 	 0 	 0 	 0 	 0 	 0 
1071 	 1.209679 	 4.777700 	 15.607100 	 2.103500 	 0.803100 	 -29.700900 	 16.372000 	 15.454600 	 0.704700 	 -45.359500 	 0.034982	 0.196802 	 0.019719 	 0.073195 	 0.010686
1075 	 0.972029 	 8.773100 	 15.334300 	 2.389800 	 0.991900 	 -45.819300 	 26.925700 	 15.500200 	 0.838800 	 -2.905600 	 0.009383	 0.234924 	 0.005910 	 0.019056 	 0.046976
1076 	 0.966831 	 11.819400 	 14.515500 	 3.897100 	 0.775600 	 5.623200 	 34.119500 	 14.254500 	 0.797000 	 -32.119400 	 0.009766	 0.207395 	 -0.001853 	 0.061626 	 0.000646
1079 	 0.943638 	 15.048500 	 14.152200 	 4.142700 	 0.950700 	 7.677200 	 171.686500 	 11.913400 	 0.210100 	 -18.213200 	 0.009315	 0.216970 	 -0.008557 	 0.056561 	 0.022845
1080 	 0.951319 	 56.123400 	 14.399700 	 5.190700 	 0.768300 	 -87.233400 	 34.507500 	 15.974200 	 0.376200 	 81.234600 	 0.009940	 0.228368 	 -0.006639 	 0.027667 	 0.015871
1082 	 0.971096 	 23.633900 	 14.638900 	 3.689500 	 0.682500 	 48.483400 	 81.565900 	 14.823100 	 0.360100 	 49.846400 	 0.018092	 0.229585 	 0.005063 	 0.078323 	 0.057702
1083 	 0.916318 	 19.452000 	 14.604200 	 4.974100 	 0.657600 	 -8.488500 	 92.409700 	 12.540600 	 0.709700 	 78.264700 	 0.017800	 0.341755 	 -0.002099 	 0.108949 	 0.008685
1084 	 0.968967 	 38.425600 	 14.890600 	 8.085100 	 0.787800 	 -55.460300 	 29.390100 	 17.366300 	 0.464300 	 58.556500 	 0.010036	 0.284690 	 0.010421 	 0.035250 	 0.000000
1088 	 fail 	 0 	 0 	 0 	 0 	 0 	 0 	 0 	 0 	 0 	 0 	 0 	 0 
1089 	 0.993962 	 12.634400 	 14.847000 	 5.471800 	 0.727500 	 14.901100 	 16.309300 	 16.727100 	 0.642200 	 -7.038100 	 0.010375	 0.227214 	 -0.001842 	 0.036573 	 0.001617
1090 	 fail 	 0 	 0 	 0 	 0 	 0 	 0 	 0 	 0 	 0 	 0 	 0 	 0 
1094 	 0.995927 	 6.194600 	 16.017800 	 3.107200 	 0.816800 	 15.291400 	 13.573700 	 16.569200 	 0.893500 	 -58.293100 	 0.011328	 0.249135 	 0.006476 	 0.020084 	 0.000000
1099 	 0.967742 	 7.427200 	 14.875200 	 2.890100 	 0.831900 	 -77.418100 	 27.368100 	 14.928800 	 0.684200 	 -3.090300 	 0.006423	 0.138192 	 -0.003191 	 0.309044 	 0.017679
1101 	 fail 	 0 	 0 	 0 	 0 	 0 	 0 	 0 	 0 	 0 	 0 	 0 	 0 
1102 	 1.008633 	 19.844000 	 15.318100 	 6.237200 	 0.779000 	 58.402800 	 15.465500 	 17.755200 	 0.791700 	 -11.412800 	 0.017903	 0.228906 	 0.004977 	 0.099484 	 0.042862
1103 	 0.977067 	 48.417000 	 14.536900 	 6.921800 	 0.809500 	 61.917700 	 24.189300 	 16.812300 	 0.438700 	 79.791900 	 0.021166	 0.274108 	 0.013926 	 0.121609 	 0.020492
1107 	 1.024563 	 5.989400 	 16.137000 	 3.203800 	 0.818300 	 -72.503200 	 6.899300 	 18.495200 	 0.501500 	 79.743300 	 0.012284	 0.150989 	 0.001037 	 0.114737 	 0.008554
1109 	 fail 	 0 	 0 	 0 	 0 	 0 	 0 	 0 	 0 	 0 	 0 	 0 	 0 
1111 	 0.975441 	 31.690100 	 15.006800 	 5.982300 	 0.872100 	 -37.232300 	 27.836100 	 16.420400 	 0.814300 	 -56.026500 	 0.018393	 0.260422 	 -0.008763 	 0.056263 	 0.003277
1112 	 0.976165 	 18.420200 	 14.863700 	 2.539300 	 0.752900 	 -59.424200 	 60.762800 	 14.624600 	 0.530800 	 -59.356800 	 0.017093	 0.294652 	 0.002528 	 0.056761 	 0.019842
1114 	 1.049330 	 3.214000 	 16.346700 	 3.005500 	 0.700400 	 79.244700 	 9.883100 	 16.577000 	 0.587300 	 74.900600 	 0.015414	 0.198006 	 -0.005325 	 0.091414 	 0.018925
1118 	 0.888865 	 1368.362100 	 9.834900 	 8.816600 	 0.726100 	 11.880900 	 23.896700 	 13.886400 	 0.504300 	 10.601600 	 0.009531	 0.097538 	 -0.010924 	 0.040369 	 0.011344
1120 	 1.027007 	 12.332600 	 15.314900 	 7.414800 	 0.941400 	 -13.254600 	 5.603200 	 17.304000 	 0.716900 	 16.430200 	 0.012069	 0.186576 	 0.003095 	 0.038806 	 0.025250
1122 	 0.973853 	 6.963200 	 15.907200 	 2.871300 	 0.909700 	 -37.614300 	 19.525400 	 15.822700 	 0.734400 	 -4.293600 	 0.009434	 0.151962 	 0.004842 	 0.155349 	 0.046845
1123 	 0.978128 	 5.964700 	 15.635800 	 2.637800 	 0.953800 	 -2.322700 	 27.695200 	 15.445800 	 0.774500 	 36.093800 	 0.012267	 0.325236 	 0.003992 	 0.027102 	 0.012488
1124 	 1.033894 	 9.418400 	 14.790500 	 4.506100 	 0.884800 	 66.157900 	 24.494900 	 15.445000 	 0.761800 	 -75.704000 	 0.027010	 0.293022 	 0.020814 	 0.003289 	 0.034065
1125 	 1.026251 	 1711.923100 	 12.210500 	 16.834000 	 0.645800 	 82.749300 	 0.007464 	 20.230700 	 0.011700 	 9.091600 	 0.032698	 0.270605 	 0.092642 	 0.358217 	 0.048601
1126 	 0.977685 	 132.399600 	 13.870100 	 9.378300 	 0.910100 	 -61.676000 	 36.090600 	 16.575900 	 0.358600 	 -32.270400 	 0.015116	 0.267895 	 0.015657 	 0.036375 	 0.013123
1128 	 0.984810 	 7.468700 	 15.076800 	 3.455300 	 0.938000 	 -22.562000 	 34.926900 	 14.740000 	 0.687600 	 16.261500 	 0.017232	 0.318520 	 0.006380 	 0.130742 	 0.018693
1130 	 0.976800 	 4.286300 	 15.793400 	 2.032900 	 0.971900 	 -70.779900 	 20.661500 	 15.373700 	 0.778600 	 -27.263600 	 0.006155	 0.237095 	 -0.005100 	 0.035543 	 0.008345
1132 	 0.981366 	 16.098100 	 14.814200 	 3.091700 	 0.548100 	 -17.077500 	 55.179600 	 14.862000 	 0.414600 	 -17.196300 	 0.017004	 0.293124 	 0.018400 	 0.061425 	 0.068454
1135 	 1.005357 	 6.118200 	 16.188600 	 3.120100 	 0.861300 	 48.070600 	 27.975200 	 16.153100 	 0.560500 	 59.527300 	 0.018138	 0.239833 	 0.007134 	 0.033714 	 0.021346
1136 	 1.186684 	 672.857800 	 13.769500 	 14.442300 	 0.837000 	 41.499600 	 139.641000 	 14.818900 	 0.163800 	 33.241400 	 0.063251	 0.201836 	 0.016008 	 0.027774 	 0.010963
1137 	 0.985954 	 8.125300 	 15.619900 	 3.750000 	 0.927700 	 56.794100 	 20.015300 	 17.105900 	 0.568800 	 71.367700 	 0.005971	 0.210209 	 -0.006711 	 0.015027 	 0.043947
1138 	 0.974228 	 8.411300 	 15.258500 	 4.041100 	 0.607800 	 70.620300 	 39.493300 	 15.888100 	 0.431200 	 67.588300 	 0.011985	 0.245521 	 0.001437 	 0.057880 	 0.058114
1139 	 0.964287 	 96.871300 	 14.493900 	 7.158300 	 0.979600 	 57.236600 	 163.534800 	 14.166900 	 0.161700 	 42.916700 	 0.024385	 0.289477 	 0.011359 	 0.049396 	 0.068607
1140 	 1.168204 	 7.910700 	 14.508900 	 5.209100 	 0.866300 	 19.924900 	 20.893600 	 15.880400 	 0.502900 	 22.659500 	 0.017678	 0.196740 	 0.005074 	 0.069042 	 0.015133
1142 	 0.968367 	 12.008000 	 14.227100 	 2.816400 	 0.908100 	 39.546600 	 49.682300 	 13.886400 	 0.616200 	 0.578000 	 0.006876	 0.214860 	 0.018426 	 0.158791 	 0.021488
1143 	 1.009685 	 4.418900 	 15.006700 	 1.580600 	 0.949300 	 -27.885300 	 23.443600 	 13.970400 	 0.843500 	 -34.580400 	 0.020140	 0.040574 	 0.011830 	 0.656061 	 0.061691
1144 	 0.995124 	 46.886100 	 14.680600 	 7.108800 	 0.818200 	 29.797300 	 10.091200 	 17.517800 	 0.635200 	 54.508300 	 0.014254	 0.281877 	 -0.003622 	 0.045973 	 0.000000
1147 	 0.981719 	 55.304400 	 14.552900 	 8.195800 	 0.829500 	 42.015400 	 50.390600 	 16.237400 	 0.292300 	 42.997400 	 0.015684	 0.296049 	 0.014050 	 0.079218 	 0.026463
1149 	 1.055368 	 5.041800 	 15.134400 	 2.933600 	 0.690000 	 -2.316200 	 16.747200 	 15.529700 	 0.662000 	 4.824000 	 0.011498	 0.148293 	 0.001335 	 0.145593 	 0.022238
1150 	 0.977969 	 23.271300 	 15.224100 	 4.309900 	 0.726600 	 38.162700 	 22.611700 	 17.320400 	 0.754600 	 -87.165700 	 0.011797	 0.245427 	 -0.005591 	 0.051945 	 0.015104
1151 	 0.963026 	 32.118200 	 14.051000 	 4.384200 	 0.837900 	 -84.318800 	 60.806000 	 15.057300 	 0.335600 	 -47.086100 	 0.011763	 0.186314 	 -0.001115 	 0.075818 	 0.016631
1155 	 0.977609 	 5.459400 	 15.824400 	 1.528500 	 0.795300 	 66.939100 	 24.582000 	 15.020400 	 0.489500 	 71.761200 	 0.012109	 0.103378 	 0.013016 	 0.179307 	 0.114835
1159 	 0.976098 	 71.286200 	 14.612800 	 6.003600 	 0.710600 	 -16.823100 	 11.657700 	 16.949300 	 0.727000 	 -25.205800 	 0.008999	 0.204311 	 -0.002693 	 0.148857 	 0.015250
1163 	 0.988229 	 55.072000 	 15.359100 	 9.235100 	 0.677500 	 57.292400 	 25.165300 	 17.104700 	 0.387900 	 51.487700 	 0.013977	 0.263234 	 -0.002503 	 0.045155 	 0.010147
1164 	 1.025214 	 413.143400 	 13.042200 	 11.381000 	 0.778700 	 -13.184800 	 28.993600 	 23.131700 	 0.586800 	 68.558200 	 0.046117	 0.300748 	 0.022948 	 0.077593 	 0.010748
1165 	 1.006389 	 87.930800 	 14.205600 	 9.779500 	 0.883600 	 27.093500 	 0.005417 	 20.484500 	 0.030000 	 75.431900 	 0.017120	 0.265729 	 -0.001406 	 0.036612 	 0.000000
1166 	 fail 	 0 	 0 	 0 	 0 	 0 	 0 	 0 	 0 	 0 	 0 	 0 	 0 
1167 	 1.626507 	 28.695200 	 14.681800 	 7.526600 	 0.807800 	 -56.742000 	 1.807500 	 16.919800 	 0.631000 	 84.952600 	 0.033385	 0.197566 	 0.158391 	 0.067760 	 0.025159
1169 	 0.981953 	 11.560500 	 14.231500 	 3.770300 	 0.838300 	 -25.409600 	 35.563900 	 15.239300 	 0.594300 	 -5.643600 	 0.007553	 0.256636 	 0.002876 	 0.081822 	 0.004987
1171 	 1.039992 	 4.738800 	 15.099900 	 2.195600 	 0.869600 	 -37.300800 	 17.720100 	 15.022000 	 0.870900 	 46.887400 	 0.014289	 0.150612 	 0.010534 	 0.085366 	 0.027715
1178 	 1.013880 	 437.636900 	 13.885200 	 16.952400 	 0.881100 	 -34.019000 	 2.434400 	 18.861100 	 0.328100 	 48.066400 	 0.013487	 0.196211 	 0.014568 	 0.719757 	 0.009076
1181 	 0.984210 	 36.601800 	 15.021200 	 5.588800 	 0.855400 	 -55.360900 	 27.183600 	 18.432200 	 0.648200 	 -9.657300 	 0.014457	 0.278366 	 0.012274 	 0.047604 	 0.020382
1184 	 fail 	 0 	 0 	 0 	 0 	 0 	 0 	 0 	 0 	 0 	 0 	 0 	 0 
1189 	 fail 	 0 	 0 	 0 	 0 	 0 	 0 	 0 	 0 	 0 	 0 	 0 	 0 
1194 	 1.011135 	 19.623200 	 13.361300 	 3.272900 	 0.855400 	 27.058500 	 50.245500 	 13.961000 	 0.567400 	 13.879200 	 0.018839	 0.150544 	 -0.002788 	 0.047826 	 0.008800
1196 	 0.991054 	 26.279100 	 15.626000 	 7.928300 	 0.721600 	 -75.340500 	 10.550900 	 17.647800 	 0.488600 	 -79.705800 	 0.013113	 0.235223 	 -0.000033 	 0.130760 	 0.003421
1198 	 1.050025 	 7.245900 	 16.185900 	 5.463000 	 0.960400 	 0.203400 	 3.904100 	 18.042800 	 0.720700 	 -83.228800 	 0.012889	 0.211296 	 0.011596 	 0.068003 	 0.000000
1199 	 1.147123 	 2.398500 	 16.533600 	 2.966200 	 0.685500 	 -31.387800 	 6.610900 	 17.460200 	 0.853500 	 -14.716800 	 0.016964	 0.190843 	 0.010915 	 0.092310 	 0.033630
1201 	 0.988264 	 56.999600 	 12.210400 	 5.561100 	 0.881200 	 55.916700 	 27.678800 	 14.310400 	 0.800400 	 56.228500 	 0.013686	 0.085305 	 0.004121 	 0.422135 	 0.108496
1202 	 0.996885 	 12.212600 	 15.269900 	 5.136400 	 0.818500 	 -25.131200 	 12.969500 	 16.697400 	 0.818500 	 26.736300 	 0.010812	 0.189636 	 -0.007836 	 0.083955 	 0.045864
1203 	 1.036986 	 33.111100 	 15.041500 	 6.459000 	 0.828400 	 -23.810200 	 0.009736 	 17.562200 	 0.633800 	 62.855100 	 0.038222	 0.108087 	 0.001917 	 0.432380 	 0.032272
1204 	 0.962896 	 13.339300 	 14.838700 	 3.153100 	 0.692600 	 -13.171200 	 103.183600 	 14.364500 	 0.410600 	 0.474100 	 0.018742	 0.308365 	 0.008948 	 0.059967 	 0.006757
1206 	 1.017872 	 3.425400 	 16.943300 	 3.774500 	 0.974500 	 -26.399500 	 8.338500 	 17.653900 	 0.666000 	 -6.374300 	 0.017447	 0.289239 	 0.004078 	 0.060847 	 0.000000
1208 	 1.060727 	 7.355900 	 16.031900 	 5.383200 	 0.926800 	 73.894100 	 7.216600 	 17.771400 	 0.754300 	 25.789200 	 0.014844	 0.067256 	 0.016440 	 0.291324 	 0.034171
1211 	 0.995054 	 73.895400 	 14.578900 	 7.158500 	 0.815600 	 63.307300 	 0.003784 	 18.853600 	 0.067600 	 65.746800 	 0.017387	 0.287907 	 0.027820 	 0.123706 	 0.012739
1212 	 0.982809 	 4.469000 	 16.308600 	 2.148800 	 0.921200 	 76.350900 	 21.374200 	 15.101100 	 0.629100 	 22.786200 	 0.008546	 0.285018 	 0.002217 	 0.108428 	 0.009294
1216 	 fail 	 0 	 0 	 0 	 0 	 0 	 0 	 0 	 0 	 0 	 0 	 0 	 0 
1220 	 1.028328 	 15.035600 	 15.314100 	 5.281800 	 0.863600 	 -28.882200 	 0.655600 	 18.550400 	 0.766100 	 -57.169300 	 0.013341	 0.294252 	 0.046357 	 0.179911 	 0.000000
1221 	 0.971222 	 26.037700 	 14.832900 	 4.207400 	 0.818600 	 26.070300 	 33.231100 	 17.390000 	 0.356300 	 32.111600 	 0.004846	 0.191041 	 0.001783 	 0.089466 	 0.020777
1223 	 1.049863 	 9.215500 	 15.515900 	 4.770600 	 0.778700 	 -20.716400 	 9.105300 	 17.212700 	 0.836700 	 -78.178000 	 0.014888	 0.214567 	 0.007629 	 0.050447 	 0.031625
1228 	 1.018601 	 3.526400 	 16.009200 	 3.105400 	 0.971600 	 -84.121300 	 12.266100 	 15.808800 	 0.941300 	 -87.626800 	 0.015769	 0.097264 	 0.007261 	 0.191197 	 0.022343
1230 	 fail 	 0 	 0 	 0 	 0 	 0 	 0 	 0 	 0 	 0 	 0 	 0 	 0 
1231 	 0.990474 	 16.641100 	 15.567800 	 4.613400 	 0.948600 	 76.996400 	 14.392900 	 17.373500 	 0.733900 	 87.630500 	 0.008068	 0.272233 	 0.000645 	 0.086181 	 0.003066
1233 	 0.965272 	 28.780500 	 13.971400 	 3.610900 	 0.747300 	 -54.195900 	 206.797300 	 14.589800 	 0.171200 	 -41.847500 	 0.009644	 0.228831 	 0.007698 	 0.028442 	 0.001777
1239 	 0.990239 	 7.277500 	 15.878400 	 2.190700 	 0.674400 	 54.169800 	 29.445300 	 16.019200 	 0.445200 	 53.477800 	 0.016123	 0.160097 	 0.002885 	 0.077557 	 0.020564
1241 	 1.028928 	 9.646900 	 15.206200 	 4.687300 	 0.787100 	 -58.104400 	 13.116300 	 16.717900 	 0.703600 	 -13.857600 	 0.009740	 0.159894 	 -0.000784 	 0.047944 	 0.039337
1243 	 1.023475 	 12.126400 	 14.501100 	 4.934800 	 0.763900 	 -7.810600 	 22.319200 	 15.698200 	 0.554700 	 -23.833500 	 0.014374	 0.204316 	 0.005465 	 0.025084 	 0.019780
1255 	 1.236223 	 18.104300 	 15.628700 	 6.872100 	 0.986300 	 89.292500 	 0.010000 	 20.081500 	 0.050000 	 -40.475500 	 0.060220	 0.330347 	 0.014660 	 0.110768 	 0.093002
1259 	 0.999229 	 14.034100 	 14.175700 	 3.434500 	 0.661300 	 54.568100 	 34.781200 	 14.580100 	 0.817200 	 47.114100 	 0.012814	 0.212383 	 0.106211 	 0.068218 	 0.006738
1261 	 0.985402 	 15.216400 	 15.857300 	 5.031300 	 0.786700 	 33.078500 	 31.668000 	 17.351400 	 0.476800 	 -8.299000 	 0.015047	 0.334425 	 0.002468 	 0.077698 	 0.012533
1264 	 0.993959 	 18.543100 	 15.626300 	 6.695400 	 0.710300 	 35.020900 	 9.768400 	 18.388000 	 0.378100 	 25.350900 	 0.009491	 0.229039 	 0.005842 	 0.028607 	 0.000000
1266 	 1.006504 	 4.499000 	 15.726600 	 3.239300 	 0.800200 	 57.415000 	 12.876600 	 16.058200 	 0.870100 	 70.862100 	 0.009165	 0.180938 	 -0.003780 	 0.065055 	 0.000000
1267 	 0.963891 	 11.008100 	 15.558100 	 3.520700 	 0.869500 	 -2.768300 	 30.464900 	 15.416200 	 0.695300 	 -32.205000 	 0.006759	 0.283634 	 -0.002399 	 0.015810 	 0.025278
1269 	 1.024187 	 4.631300 	 15.212400 	 3.484800 	 0.981200 	 82.947000 	 15.470100 	 15.480100 	 0.766700 	 -63.130100 	 0.012435	 0.168657 	 0.003465 	 0.068456 	 0.013670
1274 	 0.989618 	 8.511700 	 15.453300 	 4.227000 	 0.853500 	 6.496400 	 18.706500 	 16.269300 	 0.830800 	 2.918600 	 0.012698	 0.267258 	 0.003566 	 0.033295 	 0.043143
1275 	 1.012420 	 4.550700 	 15.760900 	 2.524400 	 0.824300 	 55.186800 	 17.341000 	 15.341300 	 0.837400 	 34.336100 	 0.015418	 0.182933 	 0.004612 	 0.261255 	 0.018917
1276 	 1.028766 	 16.007600 	 15.349700 	 6.662900 	 0.775900 	 -34.159500 	 5.830200 	 17.211700 	 0.818900 	 10.989000 	 0.012390	 0.257849 	 0.008857 	 0.073717 	 0.048883
1277 	 0.995172 	 9.523100 	 14.290500 	 2.345100 	 0.719300 	 -18.613000 	 34.389400 	 14.088700 	 0.677300 	 -18.398800 	 0.016234	 0.200309 	 0.002577 	 0.062371 	 0.002101
1280 	 0.982642 	 16.702700 	 15.831000 	 8.064700 	 0.733900 	 60.699400 	 28.157800 	 17.676300 	 0.541000 	 -42.964500 	 0.009306	 0.312008 	 0.011399 	 0.085368 	 0.009946
1283 	 1.013723 	 229.606100 	 13.372300 	 8.169900 	 0.714900 	 -66.507200 	 0.012200 	 24.149400 	 0.073100 	 -59.870900 	 0.030829	 0.138653 	 -0.000092 	 0.228915 	 0.048256
1285 	 1.002483 	 8.219500 	 15.533300 	 3.013600 	 0.885700 	 -83.079400 	 17.569300 	 15.997500 	 0.911200 	 7.389800 	 0.014375	 0.209159 	 -0.001426 	 0.049893 	 0.000000
1289 	 1.023718 	 5.866900 	 15.863900 	 5.795500 	 0.771300 	 66.261700 	 8.756900 	 17.306400 	 0.695300 	 63.079000 	 0.012604	 0.158692 	 0.002599 	 0.040798 	 0.000000
1297 	 1.010588 	 5.949000 	 14.940400 	 2.987900 	 0.948400 	 86.208100 	 20.361100 	 15.276100 	 0.884300 	 79.187100 	 0.010216	 0.237518 	 0.001699 	 0.028687 	 0.000000
1300 	 1.023377 	 12.052100 	 15.448800 	 3.992000 	 0.924900 	 75.122900 	 36.026600 	 15.933700 	 0.672500 	 -74.861600 	 0.022988	 0.279213 	 0.022036 	 0.173453 	 0.025682
1312 	 1.045623 	 21.744100 	 15.206500 	 6.002200 	 0.919900 	 -52.250400 	 6.015700 	 15.306800 	 0.881200 	 -41.287000 	 0.012095	 0.131111 	 0.011492 	 0.034063 	 0.000000
1313 	 0.986649 	 11.208600 	 16.130000 	 3.033100 	 0.665200 	 -63.794000 	 17.794300 	 16.949000 	 0.603900 	 -63.672000 	 0.011061	 0.251236 	 -0.005712 	 0.026682 	 0.000000
1315 	 fail 	 0 	 0 	 0 	 0 	 0 	 0 	 0 	 0 	 0 	 0 	 0 	 0 
1316 	 1.000968 	 15.406000 	 16.286100 	 6.049700 	 0.644000 	 -48.002500 	 7.913400 	 17.073800 	 0.536300 	 -45.679200 	 0.011509	 0.253370 	 0.016325 	 0.159867 	 0.004571
1325 	 1.014872 	 3.668200 	 16.690700 	 1.786500 	 0.683800 	 -76.591500 	 12.553300 	 16.040400 	 0.604300 	 -68.133500 	 0.019657	 0.181488 	 0.005735 	 0.010889 	 0.018650
1327 	 1.066139 	 9.047100 	 15.291300 	 7.077000 	 0.701900 	 -38.517800 	 10.544000 	 17.124200 	 0.845500 	 24.348900 	 0.013537	 0.285564 	 0.007446 	 0.074637 	 0.039088
1332 	 1.035546 	 5.366600 	 15.880000 	 2.871400 	 0.612000 	 50.106100 	 11.614500 	 16.822600 	 0.500300 	 49.857900 	 0.010267	 0.168239 	 0.004508 	 0.019790 	 0.021421
1341 	 0.969709 	 78.492800 	 14.094000 	 8.176400 	 0.808000 	 37.158200 	 0.008807 	 21.945400 	 0.039700 	 29.850100 	 0.013119	 0.274441 	 0.006090 	 0.078984 	 0.017900
1344 	 1.129185 	 2.081000 	 16.754000 	 1.871100 	 0.648500 	 -0.851300 	 7.703000 	 16.717600 	 0.486700 	 -9.155800 	 0.023640	 0.193721 	 -0.000248 	 0.044203 	 0.000000
1351 	 0.978719 	 31.937300 	 14.661600 	 6.952500 	 0.707200 	 36.772300 	 33.141400 	 15.960300 	 0.360300 	 19.731900 	 0.014378	 0.221238 	 -0.000049 	 0.054702 	 0.030971
1355 	 0.965854 	 98.093400 	 13.578400 	 5.968700 	 0.924500 	 87.260400 	 20.454600 	 14.961400 	 0.627100 	 88.042100 	 0.009025	 0.159346 	 -0.011022 	 0.057632 	 0.014960
1356 	 fail 	 0 	 0 	 0 	 0 	 0 	 0 	 0 	 0 	 0 	 0 	 0 	 0 
1357 	 0.967965 	 11.150300 	 15.437500 	 3.216600 	 0.651200 	 -43.226400 	 48.348000 	 14.909000 	 0.538300 	 -41.696600 	 0.015943	 0.211810 	 0.000832 	 0.095642 	 0.059918
1364 	 1.092484 	 6.305700 	 15.196600 	 4.422800 	 0.822300 	 89.236500 	 13.815400 	 16.754200 	 0.537300 	 -66.194700 	 0.019028	 0.225346 	 0.014340 	 0.077718 	 0.007481
1366 	 0.977317 	 7.679600 	 16.037900 	 3.966600 	 0.886800 	 15.469400 	 22.787300 	 16.059400 	 0.712900 	 59.220900 	 0.010086	 0.231469 	 0.004033 	 0.205151 	 0.033234
1368 	 0.984902 	 27.940400 	 14.068000 	 4.561900 	 0.899400 	 -27.328700 	 36.230100 	 14.970500 	 0.656200 	 42.650600 	 0.012276	 0.255939 	 0.022612 	 0.061810 	 0.012319
1372 	 0.980678 	 33.472500 	 15.175800 	 4.621500 	 0.696000 	 84.378900 	 56.413300 	 16.219600 	 0.243500 	 72.666300 	 0.010028	 0.321679 	 0.052040 	 0.060000 	 0.010653
1384 	 1.015372 	 5.700900 	 15.444000 	 3.619400 	 0.873300 	 -32.352800 	 16.451000 	 15.823400 	 0.924600 	 -12.246800 	 0.014783	 0.209152 	 0.005878 	 0.058381 	 0.013510
1389 	 0.992858 	 9.759300 	 16.137200 	 5.103000 	 0.894700 	 12.531600 	 10.643800 	 17.630700 	 0.678100 	 -16.107600 	 0.009558	 0.212752 	 0.000056 	 0.059482 	 0.000000
1401 	 0.984077 	 24.820800 	 15.169700 	 4.520300 	 0.688600 	 -22.525300 	 32.386500 	 16.275200 	 0.289800 	 -20.810800 	 0.012766	 0.252061 	 0.004617 	 0.006030 	 0.055344
1404 	 fail 	 0 	 0 	 0 	 0 	 0 	 0 	 0 	 0 	 0 	 0 	 0 	 0 
1412 	 0.981570 	 189.256500 	 14.435000 	 12.071500 	 0.964200 	 -13.637200 	 35.758800 	 18.515100 	 0.419100 	 -34.534700 	 0.011924	 0.391036 	 0.008999 	 0.044046 	 0.024467
1415 	 1.029129 	 10.287300 	 14.821600 	 3.679400 	 0.850700 	 11.371200 	 12.362500 	 16.355800 	 0.905200 	 -42.134200 	 0.011284	 0.158938 	 0.009330 	 0.034974 	 0.000000
1416 	 fail 	 0 	 0 	 0 	 0 	 0 	 0 	 0 	 0 	 0 	 0 	 0 	 0 
1417 	 1.019682 	 8.837800 	 16.641000 	 4.845400 	 0.828400 	 -19.131600 	 0.677500 	 20.505500 	 0.820000 	 34.088400 	 0.017292	 0.218672 	 0.016645 	 0.074606 	 0.000000
1418 	 0.955429 	 65.874400 	 12.744300 	 5.433100 	 0.786100 	 72.024900 	 7.676400 	 18.262200 	 0.287900 	 73.305100 	 0.014342	 0.178877 	 0.003257 	 0.040007 	 0.006456
1429 	 0.967488 	 12.742900 	 14.201500 	 3.800400 	 0.687700 	 17.558800 	 35.347700 	 14.028900 	 0.818100 	 -10.610100 	 0.017400	 0.186732 	 -0.003616 	 0.029122 	 0.020622
1431 	 0.970665 	 9.200100 	 15.757900 	 3.239700 	 0.752100 	 81.476300 	 36.610400 	 15.571600 	 0.541700 	 65.376000 	 0.008155	 0.258308 	 -0.007677 	 0.059162 	 0.048944
1433 	 fail 	 0 	 0 	 0 	 0 	 0 	 0 	 0 	 0 	 0 	 0 	 0 	 0 
1449 	 0.902355 	 11.881400 	 14.125400 	 2.295300 	 0.750900 	 11.660000 	 50.479800 	 13.291800 	 0.632400 	 9.070100 	 0.005655	 0.204578 	 0.009364 	 0.112849 	 0.020749
1456 	 0.973665 	 15.652700 	 15.949300 	 5.010800 	 0.884400 	 -35.066000 	 69.925800 	 16.639500 	 0.246900 	 -49.560400 	 0.005947	 0.300052 	 0.001734 	 0.043968 	 0.077007
1457 	 fail 	 0 	 0 	 0 	 0 	 0 	 0 	 0 	 0 	 0 	 0 	 0 	 0 
1460 	 1.000276 	 5.840300 	 16.125500 	 3.637800 	 0.713600 	 -5.786300 	 16.092000 	 17.179100 	 0.590400 	 -20.222100 	 0.009670	 0.241378 	 0.010166 	 0.121719 	 0.062531
1465 	 fail 	 0 	 0 	 0 	 0 	 0 	 0 	 0 	 0 	 0 	 0 	 0 	 0 
1470 	 1.018208 	 4.914400 	 15.789700 	 3.479200 	 0.793100 	 -79.898200 	 15.952100 	 15.992600 	 0.825600 	 -77.578500 	 0.012713	 0.113976 	 0.002083 	 0.248508 	 0.030268
1471 	 0.980651 	 21.238600 	 15.080200 	 4.309700 	 0.802200 	 -14.912300 	 143.663700 	 16.469700 	 0.160300 	 -17.957700 	 0.016012	 0.240813 	 0.003811 	 0.032740 	 0.009892
1480 	 1.771140 	 26.014000 	 14.700100 	 6.213300 	 0.883700 	 -78.611900 	 0.005176 	 17.749900 	 0.286300 	 -45.643200 	 0.059588	 0.092306 	 0.035646 	 0.405985 	 0.021472
1482 	 fail 	 0 	 0 	 0 	 0 	 0 	 0 	 0 	 0 	 0 	 0 	 0 	 0 
2000 	 1.063132 	 251.164300 	 13.347200 	 10.438900 	 0.629600 	 -80.213900 	 0.008704 	 17.487900 	 0.021500 	 37.723900 	 0.033868	 0.101285 	 0.018954 	 0.235521 	 0.072360
2001 	 fail 	 0 	 0 	 0 	 0 	 0 	 0 	 0 	 0 	 0 	 0 	 0 	 0 
2002 	 0.978226 	 5.323200 	 15.434600 	 2.240400 	 0.827600 	 -18.298500 	 24.284200 	 14.280200 	 0.891800 	 58.816000 	 0.013855	 0.158302 	 -0.004077 	 0.168278 	 0.034004
2005 	 0.995429 	 8.293700 	 15.357400 	 1.113200 	 0.981000 	 88.172100 	 29.651500 	 13.950700 	 0.785100 	 80.969000 	 0.018867	 0.253107 	 0.001423 	 0.132332 	 0.037133
2007 	 0.956839 	 6.388800 	 15.878800 	 2.148900 	 0.856100 	 -28.906800 	 25.686900 	 15.440400 	 0.719000 	 -35.204200 	 0.003958	 0.192886 	 -0.011336 	 0.080916 	 0.013976
2009 	 0.938942 	 9.273400 	 14.446700 	 2.320800 	 0.814900 	 43.104200 	 41.617400 	 13.910900 	 0.851400 	 34.830100 	 0.008374	 0.194991 	 -0.013813 	 0.084365 	 0.017712
2010 	 0.976160 	 18.622400 	 14.695400 	 4.906100 	 0.629100 	 26.155700 	 42.154500 	 14.856500 	 0.596100 	 9.131700 	 0.014917	 0.233796 	 -0.001008 	 0.027506 	 0.015661
2013 	 0.937490 	 154.301800 	 13.170300 	 1.948300 	 0.590700 	 59.544300 	 19.269100 	 13.887300 	 0.812200 	 52.818000 	 0.006992	 0.090182 	 0.002561 	 0.244134 	 0.021033
2015 	 0.971557 	 11.454800 	 15.097900 	 2.504200 	 0.894000 	 -51.678700 	 39.872600 	 14.459500 	 0.712900 	 -48.825900 	 0.011013	 0.276346 	 0.026346 	 0.068581 	 0.014533
2016 	 0.965662 	 29.944500 	 13.542200 	 3.863600 	 0.932600 	 69.077300 	 75.323000 	 14.666100 	 0.422900 	 58.907200 	 0.010033	 0.186359 	 -0.003115 	 0.052116 	 0.015071
2017 	 0.997294 	 15.843500 	 15.582900 	 3.597900 	 0.847800 	 -21.102700 	 19.347500 	 16.743900 	 0.532700 	 -9.365100 	 0.019411	 0.230185 	 -0.001881 	 0.068183 	 0.000000
2018 	 0.953855 	 29.049200 	 13.649400 	 3.564500 	 0.864700 	 85.530200 	 60.684600 	 14.404600 	 0.542200 	 73.942600 	 0.010303	 0.207527 	 -0.007812 	 0.106768 	 0.003245
2019 	 0.990189 	 56.940500 	 14.468900 	 7.489300 	 0.877800 	 15.874300 	 0.016700 	 32.226600 	 0.050000 	 -30.437000 	 0.010728	 0.201473 	 -0.008930 	 0.050902 	 0.000000
2020 	 fail 	 0 	 0 	 0 	 0 	 0 	 0 	 0 	 0 	 0 	 0 	 0 	 0 
2024 	 1.009995 	 4.699800 	 15.640200 	 1.711100 	 0.655600 	 -33.193600 	 16.631200 	 14.980000 	 0.792600 	 -35.091400 	 0.015433	 0.132033 	 0.007374 	 0.297164 	 0.015746
2026 	 0.853696 	 16.566600 	 14.124500 	 2.166700 	 0.877100 	 -52.977600 	 66.023700 	 12.967500 	 0.640700 	 -54.090900 	 0.005397	 0.155132 	 -0.003663 	 0.060099 	 0.022977
2028 	 1.041087 	 8.297700 	 15.479500 	 3.986100 	 0.967700 	 53.716900 	 10.909100 	 17.055200 	 0.677400 	 62.679300 	 0.017773	 0.339554 	 0.023977 	 0.155840 	 0.008491
2029 	 0.996830 	 43.359100 	 14.308900 	 6.765300 	 0.792900 	 -78.001500 	 17.125500 	 15.549600 	 0.599400 	 84.037500 	 0.025047	 0.525072 	 0.109596 	 0.422511 	 0.035147
2030 	 0.977910 	 8.548700 	 14.630200 	 1.340500 	 0.861000 	 47.864600 	 65.246700 	 12.791500 	 0.611100 	 64.764500 	 0.041232	 0.346424 	 0.037697 	 0.659182 	 0.099812
2031 	 0.974809 	 8.951800 	 14.447000 	 2.153100 	 0.896100 	 -19.632400 	 46.999400 	 13.705100 	 0.543300 	 -26.038500 	 0.022418	 0.213660 	 -0.009555 	 0.039843 	 0.036576
2032 	 0.989179 	 26.379900 	 14.252100 	 3.466100 	 0.913600 	 4.449500 	 21.808100 	 16.576900 	 0.531100 	 33.374100 	 0.011734	 0.210210 	 0.012929 	 0.064904 	 0.007384
2034 	 0.998269 	 6.097900 	 15.075500 	 2.185800 	 0.889700 	 -26.162200 	 20.950900 	 14.848500 	 0.854000 	 -14.638200 	 0.012080	 0.228120 	 0.004736 	 0.043471 	 0.000819
2035 	 1.015163 	 6.182800 	 15.177500 	 4.216800 	 0.827500 	 26.259100 	 16.724100 	 15.405800 	 0.932100 	 14.481300 	 0.013915	 0.185739 	 0.002516 	 0.047197 	 0.009404
2039 	 0.978641 	 20.012700 	 14.325500 	 4.266700 	 0.939900 	 -13.146600 	 25.313700 	 15.440500 	 0.630800 	 -44.557100 	 0.009828	 0.190487 	 0.003294 	 0.055232 	 0.008997
2040 	 0.981064 	 9.662800 	 14.361200 	 2.591800 	 0.747700 	 -72.714700 	 27.439200 	 13.951100 	 0.744600 	 -69.157000 	 0.007999	 0.140770 	 0.015809 	 0.134766 	 0.025361
2042 	 1.009841 	 5.779700 	 15.642400 	 2.536100 	 0.643600 	 -24.382200 	 18.379200 	 15.561900 	 0.620200 	 -22.728500 	 0.016555	 0.256978 	 0.010035 	 0.022210 	 0.004430
2043 	 0.984168 	 18.524100 	 15.983000 	 3.432800 	 0.751800 	 28.386400 	 29.711300 	 17.138300 	 0.391200 	 35.784300 	 0.006762	 0.398261 	 0.010046 	 0.296784 	 0.011973
2047 	 0.977277 	 31.322300 	 13.488200 	 2.640500 	 0.787600 	 65.735300 	 133.527100 	 13.776900 	 0.658100 	 30.318900 	 0.010209	 0.181940 	 -0.011524 	 0.096552 	 0.014089
2049 	 0.969227 	 36.984300 	 14.502600 	 4.240200 	 0.746800 	 -46.333300 	 36.807500 	 15.224300 	 0.583200 	 -40.386800 	 0.011762	 0.260361 	 0.042778 	 0.089447 	 0.055898
2050 	 1.535074 	 358.607500 	 12.573900 	 7.939100 	 0.938200 	 10.230000 	 29540.052700 	 73.250400 	 0.056900 	 -5.795400 	 0.072574	 0.118511 	 0.016554 	 0.273460 	 0.029552
2052 	 0.963329 	 65.223900 	 13.961200 	 4.588800 	 0.569200 	 -58.886400 	 219.383700 	 11.710100 	 0.087000 	 -54.238100 	 0.016380	 0.226123 	 0.009228 	 0.064292 	 0.018058
2055 	 0.997368 	 9.793400 	 16.138800 	 4.756200 	 0.646600 	 39.594400 	 8.376500 	 17.149000 	 0.587800 	 55.425500 	 0.015108	 0.185607 	 0.003327 	 0.097459 	 0.000000
2057 	 0.979868 	 18.343000 	 14.976800 	 4.770800 	 0.751000 	 -77.286900 	 36.061100 	 15.946800 	 0.622700 	 -77.988200 	 0.011694	 0.232949 	 0.000037 	 0.038108 	 0.042590
2058 	 0.980410 	 31.460200 	 15.113000 	 7.663100 	 0.748700 	 -21.122500 	 158.726800 	 14.192900 	 0.658200 	 23.546600 	 0.024035	 0.328285 	 0.001950 	 0.045083 	 0.018194
2061 	 0.988498 	 6.715500 	 15.407900 	 2.306700 	 0.720700 	 -49.200300 	 14.673100 	 15.558700 	 0.997600 	 32.576900 	 0.010138	 0.171622 	 -0.007969 	 0.070920 	 0.000000
2062 	 0.979213 	 37.734700 	 15.314300 	 7.505800 	 0.879600 	 -24.883600 	 13.867600 	 17.801100 	 0.716800 	 -48.060400 	 0.012814	 0.328071 	 0.000685 	 0.148038 	 0.066312
2064 	 0.968514 	 19.219100 	 15.192400 	 6.161500 	 0.872400 	 18.631300 	 27.318500 	 15.545200 	 0.667900 	 17.994000 	 0.009256	 0.247355 	 -0.004946 	 0.035415 	 0.000000
2069 	 1.647827 	 3.034700 	 15.509900 	 1.445900 	 0.825200 	 -30.471800 	 13.845600 	 14.608100 	 0.661700 	 -57.236600 	 0.057257	 0.037728 	 0.034822 	 0.537086 	 0.222977
2070 	 0.960548 	 6.966400 	 15.778000 	 3.144500 	 0.784900 	 -58.536400 	 22.769700 	 15.796800 	 0.795700 	 -68.026400 	 0.004154	 0.186202 	 -0.003814 	 0.083646 	 0.018603
2071 	 1.018856 	 4.262200 	 16.430200 	 1.615000 	 0.814600 	 2.317000 	 15.083500 	 15.549100 	 0.615400 	 -26.455900 	 0.021905	 0.229933 	 0.012399 	 0.094868 	 0.001429
2072 	 0.984520 	 6.782300 	 15.057800 	 2.571600 	 0.756400 	 19.864000 	 26.819000 	 14.798700 	 0.657300 	 14.685900 	 0.010512	 0.233808 	 0.008168 	 0.016140 	 0.018308
2073 	 0.972640 	 23.914700 	 13.887300 	 4.464100 	 0.655500 	 12.067200 	 56.950400 	 13.961600 	 0.446700 	 8.098400 	 0.013407	 0.224779 	 -0.000245 	 0.112472 	 0.010831
2074 	 0.981360 	 6.800000 	 16.063100 	 4.882600 	 0.784600 	 88.256000 	 25.550600 	 16.281100 	 0.710700 	 -84.037400 	 0.011095	 0.303103 	 -0.002762 	 0.039338 	 0.013327
2075 	 1.026230 	 12.046500 	 16.186100 	 4.029000 	 0.637800 	 -79.807800 	 13.272900 	 16.045600 	 0.603300 	 -68.882800 	 0.036559	 0.217840 	 -0.002699 	 0.001132 	 0.009892
2078 	 0.966805 	 8.757400 	 15.394600 	 4.080500 	 0.753100 	 -79.126400 	 37.434100 	 15.101700 	 0.506400 	 33.114700 	 0.008487	 0.271766 	 -0.002159 	 0.149671 	 0.048041
2079 	 0.983277 	 21.488000 	 13.945300 	 3.420400 	 0.775000 	 43.361700 	 159.635100 	 13.531700 	 0.590500 	 48.045800 	 0.013951	 0.260429 	 0.005447 	 0.068655 	 0.008549
2080 	 fail 	 0 	 0 	 0 	 0 	 0 	 0 	 0 	 0 	 0 	 0 	 0 	 0 
2081 	 1.010858 	 6.133400 	 15.456000 	 3.208800 	 0.996100 	 -62.158600 	 22.931600 	 16.295200 	 0.742500 	 -22.582200 	 0.011487	 0.268447 	 -0.000983 	 0.120614 	 0.020692
2082 	 0.985035 	 17.151800 	 14.477000 	 4.933800 	 0.976000 	 9.727500 	 54.278400 	 14.508900 	 0.868900 	 66.550400 	 0.018688	 0.293416 	 0.006613 	 1.039523 	 0.438750
2083 	 0.989050 	 2.563400 	 16.837800 	 2.547800 	 0.935400 	 -67.829400 	 10.260500 	 16.466500 	 0.903600 	 -44.867900 	 0.007299	 0.245692 	 0.007137 	 0.072608 	 0.002194
2084 	 0.984248 	 11.636200 	 15.396500 	 2.755800 	 0.703600 	 -42.595000 	 28.914800 	 15.859700 	 0.472600 	 -30.400700 	 0.011657	 0.246372 	 -0.003152 	 0.120336 	 0.017006
2085 	 1.047881 	 2.348700 	 17.119800 	 1.292400 	 0.684400 	 72.162100 	 6.546100 	 16.345700 	 0.801900 	 58.926400 	 0.020226	 0.179424 	 0.014429 	 0.066626 	 0.000000
2086 	 0.971317 	 25.949400 	 14.936700 	 6.184800 	 0.808700 	 37.565900 	 81.313800 	 16.059200 	 0.350400 	 37.401500 	 0.011813	 0.056070 	 0.004799 	 0.313828 	 0.142371
2093 	 1.027385 	 12.677700 	 15.072500 	 3.593000 	 0.684600 	 14.389600 	 35.401800 	 16.163100 	 0.446500 	 35.953700 	 0.021565	 0.152460 	 0.015457 	 0.222331 	 0.056509
2097 	 fail 	 0 	 0 	 0 	 0 	 0 	 0 	 0 	 0 	 0 	 0 	 0 	 0 
2099 	 0.996716 	 2.315100 	 17.135300 	 2.058800 	 0.653400 	 -27.109700 	 8.191400 	 16.921200 	 0.737700 	 -29.339700 	 0.005387	 0.229278 	 -0.002757 	 0.102035 	 0.000000
2102 	 0.977539 	 4.602400 	 17.007800 	 3.386800 	 0.630000 	 58.044000 	 8.127700 	 17.831200 	 0.896100 	 -42.249100 	 0.002270	 0.227114 	 0.000822 	 0.075807 	 0.000000
2106 	 0.985065 	 15.833800 	 14.858300 	 3.560800 	 0.652500 	 -62.671400 	 32.874900 	 15.684300 	 0.372700 	 -62.944000 	 0.009728	 0.257619 	 0.002980 	 0.082999 	 0.002586
2111 	 0.975554 	 47.828100 	 14.951400 	 5.551300 	 0.698400 	 65.428100 	 14.846000 	 18.730100 	 0.496300 	 59.564100 	 0.015315	 0.267782 	 0.001835 	 0.040392 	 0.012302
2112 	 0.972573 	 35.900400 	 14.779200 	 4.605000 	 0.878800 	 -27.629600 	 18.869200 	 16.557800 	 0.516000 	 -38.202900 	 0.008103	 0.169697 	 -0.003724 	 0.019276 	 0.031321
2117 	 0.998337 	 138.396900 	 13.774800 	 11.081000 	 0.734700 	 -15.884300 	 0.019300 	 22.960100 	 0.050000 	 -5.979100 	 0.015430	 0.285968 	 0.001105 	 0.061508 	 0.000000
2119 	 1.021355 	 5.908100 	 16.045400 	 2.724100 	 0.770000 	 -35.143500 	 12.530700 	 17.021900 	 0.707100 	 -56.793800 	 0.016165	 0.174206 	 0.008367 	 0.089558 	 0.000000
2120 	 0.970469 	 13.926800 	 14.159100 	 4.057500 	 0.843600 	 77.102500 	 45.559600 	 14.470700 	 0.679600 	 74.763100 	 0.013364	 0.256710 	 0.007382 	 0.099417 	 0.030171
2121 	 0.990020 	 15.049400 	 15.766200 	 5.303800 	 0.671700 	 -14.113800 	 4.683600 	 18.623200 	 0.969400 	 -16.000000 	 0.013792	 0.237552 	 -0.003050 	 0.056000 	 0.000000
2122 	 1.007142 	 3.255800 	 17.597100 	 1.812400 	 0.476300 	 50.689000 	 10.512600 	 17.177800 	 0.313400 	 61.579200 	 0.020138	 0.273636 	 0.017848 	 0.031058 	 0.000000
2126 	 0.969229 	 7.999000 	 15.699200 	 4.504200 	 0.700000 	 -86.429500 	 20.715900 	 16.176000 	 0.811000 	 -57.112700 	 0.004493	 0.232902 	 0.002647 	 0.170958 	 0.044807
2127 	 fail 	 0 	 0 	 0 	 0 	 0 	 0 	 0 	 0 	 0 	 0 	 0 	 0 
2139 	 1.010931 	 41.591000 	 16.983500 	 19.984900 	 0.284600 	 82.923500 	 7.356200 	 15.940300 	 0.834000 	 -16.455700 	 0.021900	 0.176567 	 0.006396 	 0.086196 	 0.004257
2141 	 1.002019 	 11.702200 	 14.806500 	 3.540300 	 0.734000 	 40.406600 	 29.169200 	 15.110700 	 0.672300 	 31.253700 	 0.013517	 0.157576 	 -0.003506 	 0.076693 	 0.019463
2144 	 0.946606 	 25.231300 	 14.770800 	 3.644900 	 0.759200 	 47.083100 	 107.189500 	 12.219000 	 0.153500 	 -23.949500 	 0.008155	 0.231755 	 0.003473 	 0.029852 	 0.007198
2149 	 0.983539 	 58.834700 	 14.190800 	 7.882300 	 0.874900 	 -64.544000 	 0.013800 	 23.376800 	 0.003964 	 8.605200 	 0.011802	 0.257481 	 0.001877 	 0.032369 	 0.000000
2150 	 0.998574 	 25.168100 	 14.014000 	 5.938600 	 0.918300 	 8.800000 	 19.674100 	 16.159300 	 0.484700 	 21.565100 	 0.012634	 0.176368 	 0.002302 	 0.061617 	 0.000000
2156 	 0.994150 	 15.970100 	 14.746900 	 4.744500 	 0.704400 	 -22.973500 	 11.845700 	 16.461900 	 0.748600 	 -43.149500 	 0.009652	 0.186734 	 -0.000736 	 0.039661 	 0.017499
2159 	 1.009890 	 6.508300 	 15.578500 	 4.161200 	 0.935100 	 -10.896900 	 11.687400 	 16.441400 	 0.858400 	 -39.709000 	 0.011810	 0.156597 	 0.001618 	 0.064231 	 0.007338
2163 	 1.010262 	 8.430600 	 14.985900 	 3.721500 	 0.650200 	 50.799400 	 15.171500 	 15.346700 	 0.895000 	 31.560800 	 0.012673	 0.190195 	 0.007396 	 0.060093 	 0.000000
2164 	 1.038877 	 154.207600 	 15.030800 	 13.379000 	 0.845300 	 34.475600 	 4.499600 	 17.011400 	 0.985300 	 67.323300 	 0.018374	 0.244331 	 0.010882 	 0.048069 	 0.000000
2167 	 1.117322 	 8.457700 	 14.010400 	 3.088000 	 0.723300 	 43.274900 	 25.262200 	 14.378100 	 0.588300 	 40.528500 	 0.018888	 0.181217 	 0.002601 	 0.050618 	 0.003860
2169 	 1.010940 	 17.769100 	 14.403000 	 3.274700 	 0.785300 	 -50.413600 	 28.690600 	 14.849900 	 0.962800 	 -74.034000 	 0.017216	 0.173748 	 0.006864 	 0.088980 	 0.056019
2173 	 0.980740 	 22.697800 	 14.205900 	 3.678000 	 0.656700 	 -17.374400 	 21.725300 	 15.502800 	 0.829600 	 4.790500 	 0.012214	 0.197880 	 0.002209 	 0.043427 	 0.010821
2176 	 1.003355 	 25.990600 	 15.296800 	 6.268000 	 0.619300 	 52.786700 	 9.435300 	 17.486700 	 0.416500 	 54.298100 	 0.018767	 0.095299 	 0.029587 	 0.607734 	 0.041356
2179 	 1.100348 	 6.055800 	 15.358700 	 3.528100 	 0.481100 	 45.538800 	 14.130100 	 16.400200 	 0.728900 	 2.285600 	 0.012419	 0.222963 	 0.005375 	 0.065605 	 0.000000
2181 	 1.005467 	 6.539700 	 16.508400 	 4.421700 	 0.642000 	 -50.513300 	 6.493500 	 18.052500 	 0.709800 	 29.795800 	 0.016611	 0.186821 	 0.009790 	 0.037974 	 0.089603
2184 	 1.088560 	 36.113200 	 14.702200 	 6.551400 	 0.817000 	 24.607900 	 2.703800 	 14.811100 	 0.830800 	 -46.155900 	 0.087341	 0.994877 	 0.267900 	 0.630800 	 0.004011
2192 	 fail 	 0 	 0 	 0 	 0 	 0 	 0 	 0 	 0 	 0 	 0 	 0 	 0 
2193 	 1.019005 	 3.388800 	 16.971400 	 3.799200 	 0.856200 	 -27.918600 	 5.434400 	 18.351500 	 0.833600 	 17.573900 	 0.013704	 0.118106 	 0.010092 	 0.156033 	 0.030981
2196 	 0.974724 	 23.842900 	 15.371300 	 7.661600 	 0.745800 	 -59.530500 	 35.812300 	 14.222300 	 0.144500 	 42.926500 	 0.004237	 0.314172 	 0.008550 	 0.071445 	 0.003741
2203 	 1.039515 	 55.189900 	 14.203400 	 9.366500 	 0.778600 	 -16.430800 	 0.008216 	 21.087100 	 0.010400 	 -5.826700 	 0.022659	 0.217710 	 -0.007778 	 0.098850 	 0.017986
2211 	 0.976585 	 11.060700 	 14.017100 	 2.717100 	 0.718100 	 16.462300 	 36.158800 	 13.680300 	 0.781000 	 26.583900 	 0.014173	 0.096440 	 0.004181 	 0.110426 	 0.031194
2214 	 1.019958 	 12.817000 	 15.898200 	 5.941200 	 0.719800 	 55.235200 	 4.122300 	 17.950400 	 0.661100 	 28.145800 	 0.015633	 0.219760 	 0.013170 	 0.086652 	 0.000000
2215 	 1.091279 	 6.562600 	 15.079100 	 3.475600 	 0.679800 	 19.670300 	 13.866500 	 15.655600 	 0.909400 	 -49.065400 	 0.015687	 0.198418 	 0.003027 	 0.023401 	 0.012409
2216 	 1.007513 	 3.517900 	 16.427700 	 2.711700 	 0.764100 	 84.381500 	 10.165300 	 16.585000 	 0.845800 	 16.674300 	 0.016436	 0.259331 	 0.019209 	 0.109420 	 0.051788
2217 	 fail 	 0 	 0 	 0 	 0 	 0 	 0 	 0 	 0 	 0 	 0 	 0 	 0 
3000 	 1.039278 	 6.299800 	 16.041100 	 3.020500 	 0.879400 	 62.708200 	 20.089800 	 15.873900 	 0.602400 	 63.232600 	 0.028115	 0.118487 	 0.019822 	 0.164085 	 0.040532
3001 	 0.980906 	 4.882700 	 15.581400 	 2.673000 	 0.906000 	 -18.245900 	 22.602700 	 15.581100 	 0.853500 	 27.879500 	 0.010465	 0.306615 	 -0.002969 	 0.088851 	 0.000969
3002 	 0.975514 	 10.822400 	 14.821700 	 3.428900 	 0.936000 	 81.671900 	 27.721800 	 15.072900 	 0.761600 	 -83.148500 	 0.013754	 0.202232 	 0.005558 	 0.114891 	 0.035314
3003 	 0.954406 	 23.694000 	 14.662000 	 6.670800 	 0.732000 	 85.233400 	 97.133700 	 14.452900 	 0.478300 	 0.366200 	 0.026500	 0.448104 	 0.005319 	 0.089449 	 0.002975
3004 	 0.973045 	 61.310700 	 13.723800 	 4.428100 	 0.857400 	 -21.183000 	 54.035300 	 14.881300 	 0.614000 	 -18.621600 	 0.020176	 0.270335 	 0.009085 	 0.415736 	 0.049165
3005 	 0.958116 	 10.912600 	 15.690600 	 1.999600 	 0.847300 	 8.810900 	 64.247000 	 14.483400 	 0.420400 	 3.379300 	 0.017527	 0.138124 	 0.009504 	 0.571786 	 0.017503
3007 	 1.023425 	 7.727900 	 15.088200 	 2.942000 	 0.869000 	 -72.907300 	 21.273900 	 15.942400 	 0.812100 	 45.197300 	 0.008603	 0.212124 	 -0.001126 	 0.073093 	 0.001604
3008 	 0.977493 	 21.512400 	 15.099800 	 6.516900 	 0.953500 	 53.018100 	 37.782200 	 15.250800 	 0.425800 	 -3.056700 	 0.011805	 0.258926 	 -0.000675 	 0.015097 	 0.045833
3009 	 1.096290 	 2.201800 	 16.663300 	 1.866700 	 0.655400 	 68.403900 	 8.353500 	 15.544200 	 0.834600 	 0.407600 	 0.021715	 0.037693 	 0.062547 	 1.066565 	 0.088404
3011 	 0.974719 	 49.364400 	 14.871200 	 4.517600 	 0.805800 	 17.186800 	 135.744400 	 15.638000 	 0.236800 	 19.278500 	 0.016247	 0.287539 	 -0.011457 	 0.111587 	 0.012397
3012 	 1.161315 	 5.441300 	 16.605400 	 1.378100 	 0.697200 	 43.490500 	 18.829300 	 14.567800 	 0.765700 	 6.433500 	 0.061343	 0.135107 	 0.101893 	 0.239799 	 0.131281
3013 	 1.003634 	 16.157000 	 15.050200 	 5.107000 	 0.968900 	 -73.215700 	 9.570200 	 17.665200 	 0.589700 	 82.829300 	 0.012851	 0.229702 	 0.000116 	 0.076088 	 0.000000
3014 	 0.959979 	 6.970600 	 15.755800 	 3.057300 	 0.948000 	 81.595600 	 47.987100 	 15.112200 	 0.695900 	 27.492400 	 0.012710	 0.406943 	 0.013355 	 0.086917 	 0.003420
3016 	 0.960350 	 8.513900 	 14.597400 	 1.638600 	 0.747600 	 -22.545000 	 40.571500 	 13.229400 	 0.764400 	 -24.017200 	 0.016413	 0.144642 	 0.029844 	 0.070127 	 0.088406
3017 	 fail 	 0 	 0 	 0 	 0 	 0 	 0 	 0 	 0 	 0 	 0 	 0 	 0 
3018 	 0.950334 	 12.975800 	 14.495200 	 3.836000 	 0.731100 	 -22.186000 	 31.767300 	 14.701900 	 0.871500 	 -14.722400 	 0.011180	 0.168579 	 0.000719 	 0.051071 	 0.020082
3019 	 1.008466 	 3.974200 	 15.602800 	 2.531500 	 0.903800 	 44.089100 	 14.955600 	 15.481400 	 0.860000 	 -48.309200 	 0.009675	 0.171451 	 0.003422 	 0.065838 	 0.007358
3020 	 1.020512 	 553.158800 	 12.626100 	 11.535700 	 0.855200 	 60.310800 	 19.042900 	 16.950900 	 0.883600 	 31.093500 	 0.029472	 0.236660 	 0.002558 	 0.129706 	 0.011306
3023 	 1.034398 	 113.551300 	 13.900100 	 8.440400 	 0.992300 	 -53.017700 	 0.038700 	 19.312600 	 0.050000 	 80.106700 	 0.042397	 0.226322 	 0.018841 	 0.068914 	 0.017004
3025 	 0.857023 	 12.028300 	 13.728100 	 2.037900 	 0.787700 	 4.513900 	 74.202600 	 12.935600 	 0.599500 	 10.686900 	 0.001917	 0.193608 	 0.005849 	 0.078571 	 0.005084
3027 	 0.930119 	 30.124200 	 13.968600 	 2.405700 	 0.712200 	 -32.183500 	 61.426400 	 15.283900 	 0.327100 	 -34.153200 	 0.008169	 0.116718 	 0.015735 	 0.200535 	 0.009600
3028 	 1.006792 	 42.725400 	 13.903100 	 5.387100 	 0.928600 	 10.873000 	 69.690900 	 14.373200 	 0.410500 	 73.257700 	 0.038473	 0.260301 	 0.036061 	 0.131544 	 0.012759
3029 	 1.010071 	 124.353200 	 13.185500 	 6.833000 	 0.750000 	 -42.098300 	 0.009064 	 22.076500 	 0.011900 	 74.631400 	 0.029995	 0.162255 	 0.017200 	 0.037792 	 0.022009
3030 	 fail 	 0 	 0 	 0 	 0 	 0 	 0 	 0 	 0 	 0 	 0 	 0 	 0 
3031 	 0.902752 	 26.702800 	 13.142200 	 1.328600 	 0.783300 	 72.942500 	 82.584800 	 12.339600 	 0.576400 	 71.048600 	 0.021809	 0.030675 	 0.022034 	 0.203616 	 0.143466
3032 	 0.984147 	 13.159600 	 14.157600 	 2.830600 	 0.792400 	 42.867600 	 27.851600 	 14.889500 	 0.839900 	 22.725200 	 0.009650	 0.107337 	 -0.000633 	 0.018925 	 0.019790
3033 	 0.994046 	 183.321800 	 12.953400 	 7.315600 	 0.722100 	 89.372600 	 21502.363300 	 80.968600 	 0.050000 	 75.791700 	 0.019851	 0.182697 	 -0.005137 	 0.080758 	 0.010317
3034 	 1.350071 	 31.407500 	 15.128300 	 8.403900 	 0.796800 	 -70.551200 	 1.264300 	 14.420500 	 0.008734 	 -3.962900 	 0.055510	 0.083547 	 0.036053 	 0.153860 	 0.040595
3035 	 fail 	 0 	 0 	 0 	 0 	 0 	 0 	 0 	 0 	 0 	 0 	 0 	 0 
3036 	 0.976595 	 3.967500 	 16.347600 	 2.469700 	 0.893800 	 10.597100 	 17.595200 	 15.535000 	 0.881100 	 80.731200 	 0.010751	 0.179824 	 0.008995 	 0.341889 	 0.027148
3038 	 fail 	 0 	 0 	 0 	 0 	 0 	 0 	 0 	 0 	 0 	 0 	 0 	 0 
3041 	 1.118049 	 39.922400 	 14.240600 	 6.306500 	 0.841000 	 89.364500 	 0.011500 	 21.921400 	 0.924900 	 -13.855800 	 0.031548	 0.132191 	 0.007336 	 0.226347 	 0.032087
3042 	 0.976012 	 9.365300 	 15.042800 	 2.267200 	 0.731800 	 -50.037800 	 32.349600 	 14.621100 	 0.852100 	 -48.482000 	 0.013326	 0.246685 	 0.004395 	 0.048208 	 0.006317
3043 	 1.038260 	 8.659300 	 15.407100 	 1.122200 	 0.813900 	 -86.156200 	 28.683800 	 14.455100 	 0.810400 	 -87.344700 	 0.032074	 0.263291 	 0.070710 	 0.089750 	 0.011911
3044 	 1.036522 	 19.491200 	 14.302300 	 4.620800 	 0.755700 	 -39.075200 	 10.151800 	 16.409700 	 0.511700 	 -37.369300 	 0.014338	 0.182700 	 0.004224 	 0.034150 	 0.016606
3045 	 fail 	 0 	 0 	 0 	 0 	 0 	 0 	 0 	 0 	 0 	 0 	 0 	 0 
3046 	 1.108032 	 5.348500 	 15.925700 	 6.581600 	 0.865900 	 -66.563900 	 7.999300 	 17.751700 	 0.772100 	 -37.615200 	 0.017621	 0.184091 	 0.011461 	 0.187159 	 0.033524
3048 	 0.996359 	 39.507400 	 14.364900 	 6.396200 	 0.965300 	 -37.129800 	 0.856400 	 19.562200 	 0.781600 	 38.128400 	 0.013567	 0.240356 	 0.020728 	 0.101371 	 0.019704
3050 	 0.995465 	 155.117900 	 13.200100 	 7.542700 	 0.638900 	 67.998600 	 2.240200 	 18.592500 	 0.295900 	 14.091200 	 0.028290	 0.300115 	 0.036556 	 0.020792 	 0.033028
3051 	 1.369442 	 20.232600 	 12.827200 	 3.001800 	 0.632100 	 -9.123100 	 61.336200 	 12.611800 	 0.619000 	 8.810000 	 0.029974	 0.096511 	 0.014669 	 0.059659 	 0.009833
3052 	 0.984227 	 8.032000 	 15.492500 	 2.710300 	 0.882100 	 27.023200 	 23.841000 	 15.349500 	 0.807600 	 -57.560100 	 0.012077	 0.252519 	 0.009372 	 0.020246 	 0.019649
3054 	 0.979652 	 11.239200 	 14.980500 	 2.381300 	 0.636800 	 37.495600 	 48.007700 	 14.900200 	 0.477900 	 30.946300 	 0.014286	 0.237446 	 -0.009749 	 0.085020 	 0.055769
3055 	 fail 	 0 	 0 	 0 	 0 	 0 	 0 	 0 	 0 	 0 	 0 	 0 	 0 
3056 	 0.957318 	 13.841800 	 14.185000 	 3.198600 	 0.805700 	 41.236600 	 69.084800 	 13.978900 	 0.462700 	 31.470900 	 0.012099	 0.256730 	 0.000991 	 0.112629 	 0.014639
3057 	 0.994960 	 19.264900 	 14.577000 	 3.455500 	 0.682600 	 -57.821400 	 20.290300 	 15.512100 	 0.874900 	 -6.028500 	 0.011459	 0.163820 	 -0.003758 	 0.051593 	 0.013398
3058 	 1.017457 	 7.679000 	 15.975500 	 7.644200 	 0.657400 	 53.857600 	 7.213400 	 17.366200 	 0.858900 	 56.685200 	 0.009856	 0.176349 	 -0.000455 	 0.094868 	 0.002277
3059 	 1.009789 	 18.035700 	 14.992500 	 3.418100 	 0.867600 	 -61.312300 	 46.835600 	 15.616800 	 0.430800 	 85.420400 	 0.015952	 0.303406 	 0.026897 	 0.005981 	 0.056020
3062 	 1.017206 	 9.424700 	 15.707600 	 3.908900 	 0.925200 	 -36.601400 	 13.864300 	 17.149500 	 0.584600 	 17.796900 	 0.015272	 0.250193 	 0.002670 	 0.028643 	 0.001182
3065 	 fail 	 0 	 0 	 0 	 0 	 0 	 0 	 0 	 0 	 0 	 0 	 0 	 0 
3066 	 1.014543 	 13.105300 	 14.555700 	 3.532500 	 0.797800 	 10.498600 	 37.893500 	 14.587300 	 0.697900 	 -13.381400 	 0.017979	 0.222214 	 0.015584 	 0.052343 	 0.013644
3069 	 1.172116 	 6.408300 	 15.458900 	 1.314600 	 0.514200 	 -30.284500 	 21.493900 	 14.737200 	 0.757600 	 -23.451000 	 0.046097	 0.232956 	 0.010706 	 0.109730 	 0.000000
3071 	 fail 	 0 	 0 	 0 	 0 	 0 	 0 	 0 	 0 	 0 	 0 	 0 	 0 
3073 	 43.387460 	 3.551900 	 16.669700 	 0.038400 	 0.061500 	 -63.364100 	 0.660700 	 17.449500 	 0.054000 	 25.430200 	 0.259013	 0.272101 	 0.167628 	 0.058926 	 0.028613
3074 	 0.933760 	 76.523400 	 14.018700 	 9.425300 	 0.989100 	 -59.402500 	 216.246400 	 11.334100 	 0.141400 	 -10.800300 	 0.015602	 0.175951 	 0.011395 	 0.616999 	 0.074869
3075 	 0.984233 	 5.131200 	 15.364200 	 2.797000 	 0.692600 	 -2.459000 	 18.751300 	 15.141500 	 0.957900 	 69.821900 	 0.013794	 0.250021 	 0.000230 	 0.017031 	 0.000000
3078 	 0.986374 	 8.626300 	 15.468600 	 3.483600 	 0.722600 	 45.651000 	 19.614900 	 15.792100 	 0.872800 	 68.960500 	 0.012753	 0.152045 	 0.000474 	 0.066803 	 0.021616
3079 	 0.989734 	 5.828400 	 15.525700 	 2.147200 	 0.665700 	 21.704600 	 24.958600 	 14.563100 	 0.619500 	 -80.379400 	 0.020254	 0.228893 	 0.003126 	 0.087119 	 0.011860
3080 	 0.978591 	 19.359400 	 14.559000 	 3.815300 	 0.765400 	 -18.020100 	 36.506000 	 15.249200 	 0.701800 	 -22.280900 	 0.014795	 0.151392 	 0.010048 	 0.195299 	 0.040809
3083 	 1.006314 	 36.165000 	 14.200800 	 8.473500 	 0.860600 	 88.873500 	 20.929200 	 16.786300 	 0.444800 	 28.147100 	 0.012079	 0.188774 	 -0.007390 	 0.091202 	 0.000000
3084 	 0.965780 	 51.625500 	 14.357800 	 3.446200 	 0.889100 	 -66.447100 	 330.948500 	 13.714400 	 0.252900 	 -71.945800 	 0.025895	 0.278918 	 0.016552 	 0.199346 	 0.026172
3087 	 1.002044 	 6.159000 	 16.080500 	 4.392800 	 0.808300 	 -68.983600 	 10.572200 	 17.189700 	 0.934800 	 -84.456200 	 0.010828	 0.221366 	 -0.001984 	 0.084057 	 0.000000
3088 	 0.991743 	 9.501400 	 14.683700 	 1.670800 	 0.890900 	 41.726400 	 26.309800 	 14.561400 	 0.892900 	 16.212100 	 0.011169	 0.191084 	 0.002120 	 0.116368 	 0.013260
3090 	 0.980569 	 71.411100 	 14.068000 	 8.247100 	 0.900200 	 38.667800 	 16.628300 	 17.802500 	 0.947700 	 84.408200 	 0.011088	 0.253978 	 -0.004578 	 0.044721 	 0.017290
3091 	 fail 	 0 	 0 	 0 	 0 	 0 	 0 	 0 	 0 	 0 	 0 	 0 	 0 
3092 	 0.976249 	 194.334900 	 13.646400 	 9.187600 	 0.850800 	 -78.250600 	 40.523200 	 16.183400 	 0.375500 	 -67.604600 	 0.006947	 0.256835 	 -0.005406 	 0.072961 	 0.104390
3093 	 0.976450 	 5.580700 	 15.919400 	 3.143600 	 0.935300 	 -37.780100 	 23.361000 	 15.763800 	 0.665700 	 -75.327700 	 0.011696	 0.186520 	 0.003358 	 0.038486 	 0.049757
3094 	 0.993071 	 14.969200 	 14.983900 	 2.632600 	 0.853800 	 -83.515700 	 26.837200 	 16.679800 	 0.476100 	 -78.292200 	 0.016099	 0.205547 	 0.007176 	 0.103807 	 0.002528
3096 	 0.969030 	 41.028100 	 13.834300 	 5.054600 	 0.746000 	 -70.542300 	 104.809000 	 14.063200 	 0.704500 	 34.263500 	 0.022661	 0.111602 	 -0.000710 	 0.033329 	 0.044592
3097 	 fail 	 0 	 0 	 0 	 0 	 0 	 0 	 0 	 0 	 0 	 0 	 0 	 0 
3100 	 0.987928 	 21.879500 	 14.067000 	 4.418200 	 0.865500 	 -6.259600 	 31.322900 	 14.284300 	 0.615800 	 -39.394500 	 0.034369	 0.493851 	 0.159687 	 0.398150 	 0.050940
3101 	 0.968631 	 7.356700 	 14.807400 	 2.471800 	 0.869600 	 8.954800 	 44.237200 	 13.869200 	 0.575000 	 17.332300 	 0.009338	 0.123051 	 0.014932 	 0.032304 	 0.017020
3103 	 0.998454 	 6.585000 	 15.250700 	 2.632300 	 0.680400 	 -55.566200 	 39.624900 	 15.111100 	 0.691900 	 -48.159100 	 0.010133	 0.321341 	 0.007285 	 0.044102 	 0.003946
3104 	 0.982879 	 12.330800 	 15.435000 	 4.728900 	 0.840000 	 3.089700 	 13.021200 	 17.013100 	 0.687700 	 62.835600 	 0.006685	 0.202365 	 -0.000489 	 0.086598 	 0.033580
3105 	 1.001279 	 11.320200 	 14.817700 	 3.268700 	 0.941800 	 -76.708300 	 20.220900 	 15.431700 	 0.871800 	 -79.412100 	 0.013226	 0.183813 	 0.011810 	 0.054840 	 0.013214
3106 	 fail 	 0 	 0 	 0 	 0 	 0 	 0 	 0 	 0 	 0 	 0 	 0 	 0 
3110 	 1.032301 	 4.709600 	 17.226700 	 1.612500 	 0.558700 	 70.605600 	 9.467100 	 16.399100 	 0.827800 	 69.817300 	 0.025372	 0.221751 	 -0.002135 	 0.141421 	 0.000000
3113 	 1.008646 	 23.563000 	 14.451300 	 4.239200 	 0.818900 	 -60.102900 	 22.480800 	 17.959100 	 0.452500 	 -21.685800 	 0.018681	 0.207456 	 0.006916 	 0.050285 	 0.010000
3114 	 1.015100 	 16.108000 	 15.441400 	 6.364500 	 0.731400 	 -80.095800 	 100.796500 	 14.200900 	 0.540800 	 -29.154400 	 0.037029	 0.236705 	 0.026367 	 0.184572 	 0.320896
3115 	 0.946987 	 23.832700 	 13.562700 	 3.550600 	 0.916300 	 -88.049300 	 68.863800 	 14.069100 	 0.641700 	 54.764100 	 0.009082	 0.198348 	 0.006255 	 0.080343 	 0.009307
3117 	 1.146716 	 7.419400 	 14.662200 	 2.603000 	 0.745800 	 77.314700 	 17.787400 	 14.901800 	 0.801000 	 -7.612100 	 0.023556	 0.132675 	 0.008984 	 0.124806 	 0.075438
3120 	 1.297200 	 154.846700 	 13.629500 	 7.966400 	 0.862600 	 59.746000 	 1060.572800 	 24.491800 	 0.047800 	 45.475700 	 0.064884	 0.122331 	 0.014430 	 0.330202 	 0.024075
3121 	 0.986704 	 5.069200 	 15.955100 	 2.330200 	 0.941200 	 3.274600 	 19.571000 	 15.804500 	 0.768700 	 -89.798800 	 0.012294	 0.257332 	 0.008860 	 0.086819 	 0.009179
3122 	 1.250751 	 11.167800 	 14.682800 	 2.505000 	 0.719800 	 61.390000 	 54.106600 	 14.648800 	 0.505100 	 41.651400 	 0.036268	 0.174104 	 0.010519 	 0.155021 	 0.027884
3127 	 0.964511 	 26.399300 	 14.826300 	 5.547700 	 0.743900 	 43.736900 	 225.705700 	 15.608600 	 0.079000 	 18.715100 	 0.014628	 0.268418 	 -0.006463 	 0.169148 	 0.000000
3128 	 1.023955 	 23.872600 	 14.383500 	 5.123600 	 0.794000 	 -52.140800 	 14.556900 	 15.792900 	 0.626600 	 -54.272200 	 0.019874	 0.200442 	 0.024593 	 0.087175 	 0.003885
3134 	 1.064592 	 137.287600 	 14.376300 	 11.222500 	 0.859800 	 37.284800 	 4230.902800 	 14.622400 	 0.001665 	 2.007900 	 0.027931	 0.032039 	 0.029671 	 0.448097 	 0.485214
3135 	 0.981846 	 13.796300 	 14.942900 	 3.801500 	 0.709200 	 24.067400 	 31.124000 	 15.498000 	 0.543800 	 22.943000 	 0.013870	 0.234168 	 0.010668 	 0.117744 	 0.007391
3138 	 1.024487 	 30.092700 	 13.910300 	 6.319100 	 0.843800 	 7.929700 	 47.711200 	 16.274700 	 0.462400 	 32.869900 	 0.021118	 0.242233 	 0.007662 	 0.041587 	 0.016943
3140 	 0.963400 	 15.441300 	 14.369100 	 2.601700 	 0.839400 	 -11.954200 	 63.895600 	 14.338500 	 0.491200 	 -13.332200 	 0.009808	 0.199718 	 -0.010297 	 0.029882 	 0.006425
3143 	 1.016897 	 11.933900 	 13.668700 	 4.070900 	 0.717600 	 24.298100 	 29.508500 	 13.492100 	 0.976800 	 -21.336600 	 0.008638	 0.307462 	 0.276242 	 0.319345 	 0.040327
3144 	 0.996324 	 8.659000 	 15.105400 	 1.766500 	 0.974400 	 41.644100 	 21.887000 	 14.742900 	 0.910800 	 -12.079100 	 0.011123	 0.180530 	 -0.007379 	 0.046434 	 0.014206
3146 	 0.993639 	 6.995500 	 14.852300 	 2.679000 	 0.819700 	 86.497700 	 24.314500 	 14.528400 	 0.863100 	 -64.730900 	 0.011019	 0.086991 	 0.000825 	 0.278024 	 0.025087
3147 	 0.999364 	 8.525100 	 15.033900 	 1.500900 	 0.615900 	 -8.867100 	 25.351000 	 14.661000 	 0.611800 	 -8.657100 	 0.017509	 0.180221 	 0.001747 	 0.022023 	 0.042523
3148 	 0.991918 	 4.270400 	 15.996600 	 2.142400 	 0.872000 	 -76.665200 	 16.303400 	 15.659200 	 0.923900 	 -60.903100 	 0.011350	 0.052595 	 0.004946 	 0.169949 	 0.069644
3149 	 0.977161 	 11.005000 	 14.418400 	 1.824800 	 0.755800 	 83.504300 	 39.436300 	 13.727900 	 0.624400 	 81.519300 	 0.016344	 0.197272 	 0.005599 	 0.011967 	 0.014674
3152 	 1.054121 	 21.832100 	 13.061800 	 3.350100 	 0.875000 	 32.230500 	 58.583400 	 12.904200 	 0.527300 	 33.422000 	 0.020508	 0.176807 	 0.012776 	 0.304728 	 0.072533
3154 	 1.005679 	 7.444400 	 15.287300 	 4.077200 	 0.910700 	 83.801200 	 15.076400 	 15.967000 	 0.881800 	 14.557000 	 0.010425	 0.167450 	 -0.000988 	 0.093433 	 0.013185
3155 	 0.972051 	 60.389600 	 14.102800 	 4.741500 	 0.796100 	 9.885700 	 45.108900 	 17.183400 	 0.238900 	 20.621700 	 0.014962	 0.255607 	 0.004786 	 0.077226 	 0.013999
3156 	 1.042430 	 9.087400 	 16.011500 	 5.247100 	 0.802200 	 -82.146400 	 7.354600 	 17.673300 	 0.724500 	 31.239500 	 0.013471	 0.209508 	 0.003702 	 0.080514 	 0.006867
3157 	 0.978822 	 13.168500 	 14.672300 	 3.112300 	 0.887000 	 -31.188600 	 65.419600 	 15.023300 	 0.656900 	 7.800100 	 0.012170	 0.170609 	 -0.002360 	 0.140349 	 0.019992
3159 	 0.995892 	 30.031700 	 14.035500 	 4.535000 	 0.853800 	 -26.093900 	 46.569600 	 15.694800 	 0.261400 	 -12.236300 	 0.013770	 0.053336 	 0.009833 	 0.442323 	 0.041348
3160 	 0.994446 	 17.594600 	 14.427800 	 4.566100 	 0.681100 	 20.410600 	 35.938000 	 16.101800 	 0.730500 	 -0.668200 	 0.013192	 0.254095 	 -0.002376 	 0.087250 	 0.000000
3164 	 fail 	 0 	 0 	 0 	 0 	 0 	 0 	 0 	 0 	 0 	 0 	 0 	 0 
3166 	 0.967880 	 22.278500 	 13.451200 	 3.588300 	 0.756300 	 6.178600 	 45.484100 	 14.188100 	 0.669500 	 -23.274000 	 0.011861	 0.177717 	 -0.010872 	 0.053894 	 0.004931
3167 	 0.980072 	 19.143200 	 14.710700 	 3.724700 	 0.814800 	 35.983000 	 31.809000 	 15.136800 	 0.512700 	 36.075400 	 0.013746	 0.175732 	 0.001201 	 0.098552 	 0.010175
3168 	 fail 	 0 	 0 	 0 	 0 	 0 	 0 	 0 	 0 	 0 	 0 	 0 	 0 
3169 	 1.084196 	 7.192600 	 16.451100 	 4.964800 	 0.489300 	 3.705500 	 11.789000 	 18.015000 	 0.662600 	 -81.242100 	 0.024252	 0.203189 	 -0.000842 	 0.110154 	 0.000000
3171 	 1.007091 	 29.300600 	 14.315900 	 4.083500 	 0.772000 	 84.609400 	 69.193200 	 15.703000 	 0.315900 	 -88.523000 	 0.017377	 0.154913 	 0.007554 	 0.163120 	 0.035547
3173 	 0.990075 	 15.210700 	 15.394000 	 2.646700 	 0.864800 	 56.431500 	 43.144400 	 15.006400 	 0.488900 	 34.393100 	 0.024813	 0.346681 	 0.011897 	 0.137491 	 0.028799
3174 	 0.991006 	 315.170200 	 12.204600 	 8.935300 	 0.655500 	 -78.829700 	 0.004671 	 15.783900 	 0.087800 	 -61.095200 	 0.019884	 0.094911 	 0.017580 	 0.180550 	 0.010497
3176 	 0.938128 	 24.191000 	 14.765900 	 3.879600 	 0.707700 	 -24.141400 	 222.214700 	 14.435400 	 0.224100 	 -35.671600 	 0.006971	 0.231615 	 -0.002493 	 0.175810 	 0.033513
3177 	 1.040722 	 7.462000 	 14.867200 	 1.859500 	 0.654400 	 -51.107200 	 23.377600 	 14.691800 	 0.704700 	 -79.969300 	 0.028006	 0.218624 	 0.012506 	 0.084959 	 0.005619
3180 	 0.970843 	 9.551700 	 15.252900 	 1.276000 	 0.740500 	 20.089500 	 29.709500 	 14.151100 	 0.668800 	 21.202400 	 0.013221	 0.151827 	 0.003980 	 0.038638 	 0.017422
3181 	 1.017714 	 130.302900 	 14.420100 	 12.347800 	 0.644300 	 54.141400 	 0.007475 	 22.131400 	 0.030700 	 -57.151800 	 0.017820	 0.189207 	 -0.000695 	 0.155062 	 0.020474
3182 	 0.977434 	 19.935500 	 14.610300 	 3.795900 	 0.742500 	 -85.674600 	 47.875400 	 15.946900 	 0.470700 	 -83.605600 	 0.012352	 0.233122 	 -0.008599 	 0.039517 	 0.018960
3183 	 0.985227 	 28.046900 	 15.012300 	 5.312600 	 0.767000 	 -64.128200 	 2.031300 	 18.855400 	 0.545100 	 21.977300 	 0.018752	 0.225515 	 0.015704 	 0.099813 	 0.008483
3185 	 1.021128 	 66.500400 	 14.664100 	 7.369100 	 0.830400 	 -31.437700 	 15366.617200 	 80.556700 	 0.050000 	 69.351600 	 0.033920	 0.242973 	 0.009743 	 0.170834 	 0.016661
3186 	 0.987757 	 4.511900 	 15.740400 	 2.672800 	 0.741800 	 -20.809000 	 22.734300 	 15.100500 	 0.660300 	 -27.592100 	 0.018681	 0.245960 	 0.000630 	 0.072815 	 0.007560
3189 	 0.985342 	 5.029400 	 16.034300 	 2.627000 	 0.835400 	 -75.785800 	 15.512200 	 15.801200 	 0.879300 	 35.060700 	 0.013129	 0.139865 	 0.000031 	 0.108969 	 0.019632
3195 	 0.975251 	 9.678800 	 15.119400 	 2.968500 	 0.785600 	 -71.839900 	 33.616900 	 15.709400 	 0.515500 	 33.206300 	 0.006893	 0.212850 	 -0.000489 	 0.045332 	 0.035392
3196 	 1.035805 	 7.821600 	 14.931000 	 1.709600 	 0.966000 	 86.718300 	 30.643900 	 14.204500 	 0.635000 	 60.148000 	 0.032379	 0.155398 	 0.077498 	 0.087149 	 0.053754
3201 	 1.013419 	 4.508400 	 16.433800 	 4.076200 	 0.843700 	 70.485800 	 10.195300 	 17.705000 	 0.817000 	 -50.863600 	 0.009628	 0.190013 	 -0.000977 	 0.083254 	 0.000000
3203 	 0.986505 	 8.482200 	 15.560400 	 3.997400 	 0.854000 	 48.722300 	 26.847400 	 15.538200 	 0.819100 	 68.016900 	 0.017388	 0.302277 	 0.014146 	 0.066535 	 0.041043
3205 	 1.004524 	 8.116200 	 14.862000 	 3.163700 	 0.895900 	 -34.928600 	 37.939100 	 14.593600 	 0.488600 	 69.316400 	 0.031959	 0.381765 	 0.004392 	 0.393505 	 0.000430
3206 	 0.995451 	 16.237300 	 15.706300 	 5.921600 	 0.719200 	 70.631400 	 11.449100 	 18.025100 	 0.516000 	 -39.261300 	 0.011710	 0.222718 	 0.000839 	 0.043432 	 0.010779
3207 	 1.021255 	 8.026300 	 14.889200 	 3.456800 	 0.660900 	 58.718200 	 16.872900 	 15.452700 	 0.688100 	 63.094900 	 0.009836	 0.152034 	 0.000524 	 0.077277 	 0.034756
3208 	 0.985503 	 4.625200 	 15.657400 	 2.514100 	 0.690500 	 -79.576100 	 15.666300 	 15.455300 	 0.965300 	 80.002800 	 0.009260	 0.197523 	 -0.005683 	 0.057096 	 0.011024
3210 	 0.965066 	 114.343700 	 13.339800 	 9.087500 	 0.828200 	 -38.282500 	 745.839100 	 12.967100 	 0.056300 	 -50.808000 	 0.015831	 0.209487 	 -0.000089 	 0.026562 	 0.014671
3211 	 1.005808 	 8.543900 	 15.864100 	 3.784800 	 0.854700 	 60.813000 	 17.045600 	 17.295800 	 0.711700 	 54.442700 	 0.012058	 0.244304 	 -0.005654 	 0.053283 	 0.029772
3212 	 fail 	 0 	 0 	 0 	 0 	 0 	 0 	 0 	 0 	 0 	 0 	 0 	 0 
3218 	 0.977044 	 28.640500 	 15.541400 	 6.884500 	 0.689900 	 81.889300 	 8.397400 	 17.942800 	 0.772300 	 -57.699300 	 0.010152	 0.238541 	 -0.004028 	 0.095678 	 0.000000
3222 	 0.926802 	 59.088800 	 12.921000 	 4.809800 	 0.792700 	 -11.575000 	 43.334400 	 14.816200 	 0.573900 	 -14.681500 	 0.007535	 0.181418 	 -0.005563 	 0.027416 	 0.004833
3226 	 1.057933 	 11.355600 	 14.440200 	 2.240400 	 0.630100 	 -88.264800 	 29.623000 	 14.372300 	 0.781500 	 -77.586300 	 0.015234	 0.203369 	 0.014727 	 0.028319 	 0.020917
3229 	 0.975739 	 131.051700 	 13.209100 	 7.263400 	 0.827400 	 -21.063900 	 0.005267 	 19.384900 	 0.028300 	 33.052500 	 0.019405	 0.149440 	 0.006449 	 0.171630 	 0.056353
3237 	 0.970445 	 14.454500 	 13.923900 	 2.443700 	 0.841700 	 25.017600 	 51.371300 	 14.166500 	 0.640500 	 32.813400 	 0.012599	 0.146657 	 0.006277 	 0.053175 	 0.021379
3244 	 1.006799 	 12.207200 	 14.687200 	 5.251800 	 0.752000 	 -18.730900 	 26.516400 	 15.632600 	 0.798800 	 -25.024700 	 0.016550	 0.228609 	 0.009336 	 0.032375 	 0.059911
3245 	 1.106479 	 95.933700 	 15.555500 	 14.060600 	 0.968400 	 -37.311600 	 3.980300 	 17.027300 	 0.584000 	 88.772300 	 0.019847	 0.151634 	 0.016345 	 0.137521 	 0.000000
3247 	 0.954106 	 13.259700 	 14.576200 	 3.206200 	 0.848600 	 -73.828500 	 36.339600 	 14.397500 	 0.616300 	 -70.282800 	 0.010357	 0.141748 	 -0.002639 	 0.044419 	 0.038105
3248 	 0.946488 	 13.261500 	 14.152300 	 4.325500 	 0.738900 	 -22.168600 	 50.866800 	 13.730300 	 0.586900 	 48.979500 	 0.015380	 0.167960 	 0.002978 	 0.048090 	 0.016220
3249 	 0.968572 	 21.999700 	 14.600000 	 3.760700 	 0.748600 	 54.873600 	 62.045800 	 15.070900 	 0.355000 	 57.473600 	 0.015971	 0.181669 	 0.012405 	 0.109695 	 0.015177
3252 	 0.986784 	 12.896400 	 14.827600 	 3.650700 	 0.795900 	 10.189500 	 23.558100 	 15.611900 	 0.840200 	 -19.997500 	 0.010790	 0.158380 	 -0.003594 	 0.061045 	 0.003022
3265 	 0.983132 	 67.643200 	 13.814000 	 8.010600 	 0.742500 	 -54.673600 	 8.900400 	 19.363900 	 0.353700 	 59.391200 	 0.013491	 0.285737 	 0.008635 	 0.028204 	 0.021184
3267 	 1.010606 	 13.362400 	 15.401900 	 5.757500 	 0.880900 	 -48.568700 	 15.571300 	 17.103700 	 0.507200 	 -55.552100 	 0.013437	 0.274351 	 0.003923 	 0.025275 	 0.040331
3271 	 0.989914 	 24.697500 	 14.744300 	 5.999700 	 0.934700 	 -31.162300 	 21.093000 	 17.324300 	 0.479200 	 -30.817900 	 0.013697	 0.210548 	 -0.001445 	 0.041813 	 0.014345
3272 	 1.061833 	 4.424400 	 15.876200 	 4.235100 	 0.768700 	 -27.763900 	 11.868700 	 17.236600 	 0.601400 	 -9.842600 	 0.010877	 0.214619 	 0.006284 	 0.049616 	 0.003784
3275 	 1.009240 	 3.570800 	 15.941700 	 2.150200 	 0.921500 	 3.800300 	 12.574700 	 15.880800 	 0.937800 	 2.706700 	 0.011665	 0.187104 	 -0.003854 	 0.015332 	 0.025648
3280 	 fail 	 0 	 0 	 0 	 0 	 0 	 0 	 0 	 0 	 0 	 0 	 0 	 0 
3283 	 0.975336 	 50.923600 	 14.942600 	 6.285800 	 0.833700 	 -5.905700 	 273.408900 	 14.465400 	 0.166500 	 -44.639700 	 0.030707	 0.194954 	 -0.004826 	 0.282855 	 0.153041
3285 	 0.983437 	 7.531900 	 15.578200 	 1.288800 	 0.705700 	 51.016300 	 36.331600 	 14.612400 	 0.518700 	 47.081800 	 0.016836	 0.268459 	 0.076702 	 0.359086 	 0.013665
3287 	 fail 	 0 	 0 	 0 	 0 	 0 	 0 	 0 	 0 	 0 	 0 	 0 	 0 
3291 	 1.027978 	 11.396200 	 15.389000 	 4.514900 	 0.799900 	 -50.866400 	 10.452000 	 17.347100 	 0.709400 	 44.508000 	 0.015973	 0.212733 	 0.004562 	 0.021545 	 0.012398
3292 	 1.023629 	 18.064100 	 14.576000 	 5.294900 	 0.939700 	 89.363400 	 11.854400 	 16.180700 	 0.843500 	 41.460500 	 0.015040	 0.153903 	 0.003525 	 0.023004 	 0.000000
3296 	 1.002834 	 3.277500 	 16.344400 	 2.348000 	 0.790000 	 82.440600 	 17.877000 	 15.771700 	 0.798000 	 66.103200 	 0.021832	 0.355494 	 0.020074 	 0.086545 	 0.003845
3299 	 1.062607 	 1.781500 	 18.610700 	 1.314500 	 0.697100 	 -49.561100 	 7.305500 	 16.145600 	 0.839400 	 34.400800 	 0.015127	 0.056448 	 0.047778 	 0.815665 	 0.052083
3302 	 0.994291 	 4.787200 	 15.481700 	 2.874400 	 0.757300 	 -68.504600 	 15.694600 	 15.475400 	 0.909600 	 -43.014300 	 0.007664	 0.149027 	 0.010774 	 0.073286 	 0.017510
3303 	 1.021269 	 7.832700 	 16.021300 	 2.592800 	 0.658100 	 87.808200 	 17.359200 	 16.710600 	 0.555600 	 -4.752800 	 0.019850	 0.226371 	 0.009324 	 0.154358 	 0.017071
3308 	 0.981740 	 12.139600 	 15.395300 	 4.040600 	 0.901200 	 -70.176900 	 38.954500 	 16.161100 	 0.391800 	 -77.522200 	 0.015669	 0.180407 	 -0.000657 	 0.055235 	 0.061122
3313 	 0.951308 	 11.944600 	 14.219500 	 2.841900 	 0.918800 	 30.221300 	 43.515100 	 14.125800 	 0.648500 	 47.132100 	 0.009578	 0.190646 	 0.008261 	 0.071227 	 0.026366
3314 	 0.971585 	 11.102000 	 15.018800 	 3.061700 	 0.963700 	 -72.772500 	 28.300200 	 14.993900 	 0.859800 	 -18.042000 	 0.013015	 0.245441 	 -0.002042 	 0.168578 	 0.020693
3315 	 0.985228 	 9.131600 	 15.877200 	 2.998000 	 0.805300 	 -28.130800 	 23.754900 	 16.252700 	 0.636400 	 -47.435400 	 0.010851	 0.227951 	 -0.002727 	 0.058269 	 0.030675
3318 	 1.060261 	 7.936100 	 14.862000 	 2.104900 	 0.514800 	 20.131800 	 19.124500 	 14.872800 	 0.759000 	 8.268800 	 0.016394	 0.210900 	 0.005815 	 0.066266 	 0.028396
3319 	 0.987222 	 22.081900 	 14.807000 	 3.370400 	 0.852300 	 0.730300 	 15.887400 	 17.195400 	 0.714100 	 -70.386700 	 0.015840	 0.204346 	 0.006819 	 0.026110 	 0.009079
3320 	 0.958258 	 8.784100 	 14.464700 	 1.906400 	 0.847300 	 80.984500 	 43.236300 	 13.636600 	 0.621900 	 -55.871100 	 0.008046	 0.187204 	 0.000632 	 0.144058 	 0.011309
3323 	 0.987027 	 25.554900 	 14.092700 	 3.961900 	 0.634400 	 6.728700 	 19.203700 	 16.251900 	 0.754600 	 -79.535100 	 0.012230	 0.174126 	 -0.001921 	 0.043552 	 0.063025
3325 	 1.007097 	 4.064500 	 15.578400 	 2.064500 	 0.938400 	 -30.878000 	 17.771100 	 15.148600 	 0.772700 	 17.160500 	 0.013220	 0.207897 	 -0.006998 	 0.038795 	 0.016697
3326 	 0.926687 	 82.710500 	 12.384800 	 2.209200 	 0.503900 	 35.771900 	 8.041400 	 14.179400 	 0.708200 	 37.207600 	 0.015278	 0.137645 	 0.001133 	 0.042537 	 0.020028
3327 	 1.008505 	 8.683500 	 15.952000 	 2.755100 	 0.545800 	 -42.138200 	 18.738100 	 17.152200 	 0.757700 	 -3.279000 	 0.019740	 0.256400 	 0.009983 	 0.053411 	 0.014692
3328 	 0.983262 	 15.405100 	 14.091400 	 4.050500 	 0.776500 	 -18.329200 	 113.039500 	 14.562800 	 0.350600 	 -59.659800 	 0.009562	 0.202833 	 0.005863 	 0.084200 	 0.021987
3330 	 1.293920 	 2.221000 	 16.088900 	 1.157800 	 0.724100 	 -51.841600 	 9.545600 	 15.090300 	 0.826900 	 9.230200 	 0.034609	 0.301142 	 0.095109 	 0.126656 	 0.022127
3336 	 1.014793 	 21.166100 	 14.344300 	 4.726200 	 0.887900 	 -78.037000 	 12.630400 	 15.812200 	 0.811300 	 -36.458100 	 0.013061	 0.203102 	 0.003709 	 0.009138 	 0.022847
3337 	 0.970893 	 6.864600 	 15.963000 	 2.588700 	 0.583600 	 -13.029900 	 20.793800 	 16.022800 	 0.532700 	 -11.832100 	 0.009924	 0.151801 	 -0.002924 	 0.200413 	 0.018393
3338 	 1.015707 	 4.644000 	 14.840900 	 2.100600 	 0.766800 	 85.138000 	 17.653100 	 14.462600 	 0.925400 	 -79.366300 	 0.022660	 0.202154 	 0.005115 	 0.074319 	 0.011442
3340 	 0.998803 	 9.462100 	 15.443700 	 2.979000 	 0.749600 	 -72.086900 	 31.786400 	 15.382600 	 0.667600 	 -67.734800 	 0.018054	 0.196209 	 -0.012283 	 0.094407 	 0.000000
3347 	 0.987456 	 55.075400 	 14.510500 	 6.765200 	 0.868100 	 24.392700 	 0.007256 	 22.011700 	 0.029800 	 0.257600 	 0.013405	 0.294024 	 0.004143 	 0.060539 	 0.004382
3349 	 0.977970 	 12.276800 	 15.421600 	 2.002500 	 0.889300 	 79.656400 	 43.622400 	 15.004100 	 0.591200 	 89.415000 	 0.012830	 0.243484 	 0.061238 	 0.188167 	 0.033391
3354 	 fail 	 0 	 0 	 0 	 0 	 0 	 0 	 0 	 0 	 0 	 0 	 0 	 0 
3355 	 1.017609 	 10.657500 	 15.306400 	 6.005200 	 0.775900 	 41.879500 	 16.068700 	 17.329300 	 0.457800 	 17.693700 	 0.013754	 0.238364 	 0.010202 	 0.071050 	 0.000000
3357 	 0.921117 	 23.609900 	 13.844400 	 2.166200 	 0.795600 	 68.518500 	 57.973900 	 14.351500 	 0.493000 	 73.714300 	 0.010977	 0.148542 	 0.017197 	 0.052531 	 0.014902
3362 	 0.986984 	 86.934300 	 14.719200 	 9.685000 	 0.748100 	 12.687700 	 25.410400 	 16.495100 	 0.274600 	 19.897900 	 0.017360	 0.237792 	 -0.001246 	 0.079650 	 0.040060
3369 	 fail 	 0 	 0 	 0 	 0 	 0 	 0 	 0 	 0 	 0 	 0 	 0 	 0 
3372 	 fail 	 0 	 0 	 0 	 0 	 0 	 0 	 0 	 0 	 0 	 0 	 0 	 0 
3375 	 0.694417 	 48.422900 	 12.410700 	 3.662100 	 0.935700 	 -67.979900 	 346.640900 	 8.634300 	 0.286300 	 -1.122700 	 0.000126	 0.196624 	 -0.004372 	 0.116637 	 0.008512
3376 	 0.977303 	 11.647600 	 15.225400 	 3.306400 	 0.726600 	 64.020700 	 30.130500 	 15.950100 	 0.462900 	 72.242400 	 0.011276	 0.239823 	 0.009428 	 0.049878 	 0.004452
3380 	 0.986158 	 24.366800 	 15.698100 	 6.587500 	 0.658400 	 21.947300 	 14.403100 	 17.217300 	 0.401200 	 11.747400 	 0.014403	 0.194599 	 0.004839 	 0.022749 	 0.077741
3381 	 1.017111 	 14.009700 	 14.636600 	 5.453300 	 0.909100 	 29.548000 	 49.265200 	 15.450600 	 0.448300 	 13.310800 	 0.030252	 0.311885 	 0.031089 	 0.065133 	 0.031255
3386 	 1.051432 	 62.577000 	 14.128000 	 7.193000 	 0.917400 	 57.121700 	 16.351200 	 17.446700 	 0.503800 	 -65.803900 	 0.037255	 0.143483 	 0.028899 	 0.602093 	 0.022074
3389 	 0.967108 	 16.073500 	 14.181900 	 4.415900 	 0.866600 	 49.810200 	 32.847500 	 14.756200 	 0.827700 	 62.344700 	 0.009655	 0.158129 	 -0.005171 	 0.062769 	 0.027303
3390 	 1.020031 	 6.164500 	 15.668000 	 3.461600 	 0.770000 	 -85.327900 	 14.508600 	 16.420600 	 0.698600 	 -83.218600 	 0.014116	 0.173595 	 -0.000886 	 0.090005 	 0.000000
3395 	 1.014908 	 182.934200 	 14.053100 	 11.995300 	 0.789900 	 -68.748000 	 1528.234000 	 9.642400 	 0.130200 	 -83.294400 	 0.049909	 0.341164 	 0.024874 	 0.118518 	 0.049241
3404 	 0.974295 	 14.490600 	 14.963800 	 4.057300 	 0.975200 	 -27.223200 	 42.124400 	 14.863700 	 0.743100 	 -45.934800 	 0.013508	 0.303777 	 -0.006481 	 0.081539 	 0.024207
3407 	 0.990323 	 7.509400 	 15.142200 	 3.612700 	 0.719500 	 67.138300 	 25.718300 	 15.021200 	 0.584800 	 64.707400 	 0.014097	 0.138400 	 0.012424 	 0.205611 	 0.031024
3408 	 0.986330 	 16.571100 	 15.147400 	 6.120900 	 0.818800 	 -80.767000 	 22.246700 	 16.985700 	 0.491700 	 -40.282500 	 0.007644	 0.195585 	 0.002486 	 0.114168 	 0.010207
3411 	 1.028755 	 20.077100 	 14.784400 	 3.901800 	 0.833400 	 -66.504400 	 0.478900 	 19.317700 	 0.999400 	 -75.328400 	 0.017401	 0.220510 	 0.030003 	 0.095060 	 0.010935
3417 	 1.053846 	 10.606200 	 15.595000 	 5.217800 	 0.941300 	 79.855500 	 21.956000 	 19.372600 	 0.317700 	 33.699200 	 0.016985	 0.218953 	 0.013700 	 0.052591 	 0.016194
3422 	 0.972912 	 35.928300 	 14.281500 	 4.509900 	 0.798500 	 76.914500 	 75.412600 	 15.535200 	 0.661700 	 74.028000 	 0.014098	 0.259872 	 0.010884 	 0.019881 	 0.023329
3424 	 1.001078 	 6.376500 	 15.591500 	 1.651000 	 0.874500 	 65.358600 	 20.878200 	 15.270300 	 0.833800 	 84.067100 	 0.014883	 0.269219 	 0.007541 	 0.061670 	 0.007623
3425 	 1.024549 	 8.927800 	 15.056000 	 4.258800 	 0.863700 	 28.303000 	 16.246500 	 15.804900 	 0.750500 	 43.445100 	 0.013180	 0.198187 	 0.003321 	 0.061110 	 0.011558
3430 	 fail 	 0 	 0 	 0 	 0 	 0 	 0 	 0 	 0 	 0 	 0 	 0 	 0 
3438 	 1.099025 	 5.850700 	 16.453100 	 2.553600 	 0.656300 	 48.096900 	 1.216300 	 19.468700 	 0.898100 	 4.096300 	 0.024960	 0.161633 	 0.019596 	 0.095270 	 0.000000
3446 	 0.980128 	 12.617500 	 16.136200 	 6.428400 	 0.803000 	 -45.645300 	 29.322500 	 17.461400 	 0.603200 	 -44.779300 	 0.011258	 0.312588 	 0.005480 	 0.043208 	 0.000000
3447 	 fail 	 0 	 0 	 0 	 0 	 0 	 0 	 0 	 0 	 0 	 0 	 0 	 0 
3456 	 0.971759 	 15.338200 	 14.887500 	 3.752300 	 0.679000 	 -37.535000 	 30.253400 	 15.986400 	 0.805600 	 -36.856000 	 0.009230	 0.206385 	 0.000931 	 0.079566 	 0.022319
3461 	 1.062361 	 4.117900 	 15.741800 	 2.586500 	 0.910800 	 -51.816300 	 23.860900 	 15.435100 	 0.575000 	 11.634500 	 0.024080	 0.230603 	 0.027758 	 0.140991 	 0.059634
3462 	 1.008296 	 5.644900 	 15.152100 	 2.738400 	 0.638800 	 72.837500 	 19.664500 	 15.211200 	 0.589400 	 72.470000 	 0.009649	 0.186185 	 0.002678 	 0.050111 	 0.000937
3465 	 0.993955 	 7.179100 	 15.633000 	 5.603400 	 0.862100 	 77.924400 	 18.239800 	 16.218300 	 0.866000 	 87.239700 	 0.015358	 0.242879 	 -0.005842 	 0.088928 	 0.000553
3468 	 0.978393 	 24.493800 	 15.672600 	 7.034000 	 0.978200 	 -48.297700 	 15.198700 	 17.227000 	 0.644300 	 8.280800 	 0.012863	 0.195014 	 -0.005058 	 0.183573 	 0.042562
3470 	 0.970306 	 38.272600 	 14.001600 	 5.310800 	 0.794800 	 -20.199500 	 44.794600 	 15.840100 	 0.452000 	 -28.437200 	 0.011384	 0.242257 	 -0.002573 	 0.108705 	 0.015396
3473 	 1.024116 	 10.293400 	 15.702300 	 2.859200 	 0.776400 	 20.957500 	 15.723700 	 16.581900 	 0.650500 	 89.390900 	 0.025135	 0.198072 	 0.024342 	 0.111240 	 0.084923
3474 	 1.064602 	 5.286000 	 15.222200 	 2.794900 	 0.825100 	 -69.967600 	 11.614800 	 15.779300 	 0.942400 	 31.516100 	 0.011063	 0.090995 	 0.005652 	 0.076607 	 0.024537
3475 	 fail 	 0 	 0 	 0 	 0 	 0 	 0 	 0 	 0 	 0 	 0 	 0 	 0 
3476 	 0.996079 	 71.260100 	 13.917900 	 6.814600 	 0.893900 	 64.109200 	 0.006253 	 20.421700 	 0.156100 	 2.502400 	 0.015201	 0.157936 	 0.003127 	 0.031333 	 0.009454
3478 	 0.982965 	 28.090900 	 14.759000 	 6.491300 	 0.737600 	 -68.398700 	 11.313400 	 17.132200 	 0.645300 	 -40.352400 	 0.007815	 0.198711 	 -0.007641 	 0.062941 	 0.000000
3481 	 0.981845 	 113.551100 	 15.257300 	 19.999800 	 0.824600 	 4.617900 	 55.898400 	 22.021300 	 0.027000 	 72.035500 	 0.028219	 0.385669 	 -0.014962 	 0.128209 	 0.006231
3499 	 1.060250 	 7.230400 	 16.225600 	 6.753300 	 0.885300 	 2.565700 	 1.924000 	 20.252500 	 0.688900 	 -72.592000 	 0.009445	 0.213910 	 -0.001511 	 0.032133 	 0.000000
3500 	 1.038156 	 32.725200 	 14.380400 	 5.425100 	 0.657300 	 55.181800 	 6.732600 	 16.316000 	 0.623200 	 53.604200 	 0.019660	 0.136508 	 -0.003375 	 0.101978 	 0.000000
3506 	 0.977752 	 6.323300 	 15.667200 	 2.141800 	 0.912700 	 -6.463000 	 23.675900 	 15.781500 	 0.681000 	 3.825600 	 0.009206	 0.256024 	 0.005765 	 0.024927 	 0.000000
3512 	 1.017725 	 5.665500 	 16.002900 	 3.471400 	 0.917900 	 -43.462900 	 9.876100 	 16.602000 	 0.798900 	 63.172500 	 0.011282	 0.133740 	 0.005020 	 0.069213 	 0.013699
3514 	 0.904915 	 18.284200 	 13.612400 	 2.703200 	 0.727900 	 -71.964900 	 62.882900 	 13.270100 	 0.653600 	 -75.329500 	 0.005265	 0.159558 	 -0.004181 	 0.077261 	 0.009661
3518 	 1.017182 	 4.371300 	 16.072800 	 2.790700 	 0.974000 	 73.553100 	 19.063100 	 15.482200 	 0.712200 	 -50.198800 	 0.020681	 0.182239 	 0.019901 	 0.091490 	 0.019221
3524 	 1.056778 	 5.410700 	 16.277000 	 5.116600 	 0.848900 	 40.359200 	 7.116900 	 17.872400 	 0.707500 	 -52.033800 	 0.015765	 0.236065 	 0.004496 	 0.023224 	 0.000000
3529 	 0.975652 	 7.969700 	 15.226700 	 2.978300 	 0.878600 	 17.023200 	 26.923900 	 15.108700 	 0.701800 	 22.412600 	 0.006944	 0.192738 	 -0.014692 	 0.071146 	 0.023057
3531 	 0.990533 	 6.862300 	 15.009700 	 2.552400 	 0.905400 	 -9.509800 	 26.676100 	 14.976400 	 0.770500 	 -15.246300 	 0.011536	 0.127856 	 -0.004578 	 0.093302 	 0.056102
3539 	 1.334132 	 27.624100 	 14.128300 	 5.798200 	 0.674400 	 -34.148600 	 8.703100 	 16.968700 	 0.488100 	 -35.565900 	 0.031861	 0.156095 	 0.032920 	 0.054450 	 0.000437
3542 	 3.673410 	 137.277400 	 12.467000 	 10.372900 	 0.627200 	 -84.171100 	 9.781600 	 15.439100 	 0.319700 	 66.138100 	 0.056041	 0.160977 	 0.022498 	 0.043409 	 0.004626
3551 	 0.988607 	 6.385800 	 15.481800 	 1.948000 	 0.803300 	 73.194500 	 23.093900 	 15.074200 	 0.660300 	 74.179000 	 0.010044	 0.190999 	 -0.001054 	 0.010757 	 0.005521
3553 	 1.079932 	 4.728500 	 15.162900 	 2.660300 	 0.826500 	 15.869000 	 16.482900 	 14.919500 	 0.713700 	 -61.834800 	 0.023892	 0.191218 	 0.000952 	 0.059211 	 0.002142
3558 	 0.972185 	 14.352600 	 14.846000 	 4.882300 	 0.841600 	 4.313000 	 39.471700 	 15.580000 	 0.435800 	 38.499000 	 0.010631	 0.219556 	 -0.000302 	 0.021745 	 0.048372
3577 	 0.975173 	 23.355100 	 14.566600 	 6.389000 	 0.921000 	 65.445700 	 47.830000 	 15.716800 	 0.386900 	 78.049700 	 0.014508	 0.235297 	 0.016472 	 0.078599 	 0.022714
3578 	 0.986398 	 5.328400 	 16.008700 	 4.527800 	 0.986700 	 31.595500 	 11.592300 	 17.094200 	 0.925400 	 -48.994600 	 0.004318	 0.219763 	 0.004318 	 0.042270 	 0.038294
3583 	 0.972362 	 6.566600 	 15.447400 	 1.952500 	 0.845700 	 -44.731000 	 19.063000 	 14.871200 	 0.943600 	 -23.328200 	 0.008720	 0.208417 	 0.007395 	 0.083101 	 0.003278
3586 	 1.000257 	 4.261100 	 16.206200 	 2.442000 	 0.774100 	 -85.664200 	 18.566400 	 15.409800 	 0.643200 	 -40.617400 	 0.019524	 0.167771 	 0.004774 	 0.096252 	 0.096693
3597 	 fail 	 0 	 0 	 0 	 0 	 0 	 0 	 0 	 0 	 0 	 0 	 0 	 0 
3599 	 0.989866 	 15.527300 	 14.949600 	 6.523400 	 0.819700 	 59.415100 	 33.855200 	 16.047700 	 0.630400 	 -66.228600 	 0.015616	 0.206861 	 0.009388 	 0.029111 	 0.076429
3602 	 1.007853 	 5.346200 	 15.981900 	 3.287900 	 0.701900 	 27.694400 	 15.139600 	 16.451000 	 0.631300 	 18.376800 	 0.013421	 0.185350 	 0.002709 	 0.056694 	 0.000000
3606 	 0.971828 	 6.742100 	 15.623300 	 3.106100 	 0.838000 	 -54.700000 	 22.252900 	 15.461700 	 0.569700 	 -40.550800 	 0.014121	 0.176990 	 -0.005192 	 0.011353 	 0.000203
3607 	 1.200499 	 12.263700 	 12.973800 	 3.785900 	 0.848500 	 3.560300 	 32.752200 	 13.407000 	 0.604300 	 -13.486600 	 0.019505	 0.149873 	 0.004387 	 0.005235 	 0.001967
3610 	 0.973091 	 8.429800 	 14.215800 	 3.045600 	 0.743700 	 -84.159800 	 34.843700 	 13.885600 	 0.693700 	 -87.407200 	 0.012450	 0.195948 	 0.002580 	 0.169894 	 0.008728
3613 	 1.050143 	 3.113200 	 16.553800 	 1.491700 	 0.623800 	 -17.082800 	 9.548700 	 15.623700 	 0.887000 	 30.238100 	 0.019168	 0.239849 	 0.013877 	 0.006828 	 0.000542
3619 	 1.036205 	 3.321000 	 16.713200 	 3.398400 	 0.922700 	 -68.771300 	 6.942500 	 17.457900 	 0.900500 	 76.944200 	 0.012047	 0.165472 	 0.011237 	 0.088900 	 0.000000
3628 	 0.975131 	 11.725400 	 14.060300 	 2.944000 	 0.902600 	 -1.139500 	 35.221500 	 13.837900 	 0.950500 	 31.600500 	 0.015980	 0.140623 	 0.004468 	 0.138031 	 0.018856
3634 	 1.015336 	 4.977400 	 16.193200 	 4.935100 	 0.936000 	 -32.914400 	 8.795300 	 17.824800 	 0.867500 	 75.442600 	 0.008427	 0.245979 	 0.004686 	 0.164389 	 0.050744
3641 	 1.023486 	 10.328200 	 15.084900 	 3.910100 	 0.790300 	 -63.969300 	 13.659400 	 16.429600 	 0.592300 	 15.667000 	 0.015914	 0.227026 	 0.000506 	 0.084686 	 0.000000
3646 	 0.984182 	 21.650400 	 14.054700 	 5.693500 	 0.749300 	 -45.039900 	 36.245600 	 15.709900 	 0.806000 	 18.742400 	 0.011575	 0.230650 	 -0.000193 	 0.020589 	 0.007288
3647 	 1.048480 	 31.115400 	 14.086000 	 6.826900 	 0.619300 	 -12.381500 	 0.010000 	 20.117500 	 0.787200 	 -75.893200 	 0.014026	 0.214908 	 0.010227 	 0.065408 	 0.024933
